69	
34	
54	
82	
82	
87	
96	
88	
22	
22	
35	
3	
85	
89	
95	
18	
7	
66	
0	
4	
41	
50	
51	
39	
29	
2	
63	
54	
1	
2	
88	
98	
67	
67	
50	
50	
1	
1	
93	
93	
14	
14	
98	
98	
1	
98	
1	
1	
66	
86	
52	
9	
78	
78	
3	
20	
74	
85	
98	
98	
2	
52	
66	
14	
0	
0	
0	
0	
16	
2	
60	
63	
88	
2	
25	
25	
85	
91	
92	
99	
23	
23	
10	
2	
29	
29	
34	
96	
69	
60	
60	
50	
87	
88	
88	
14	
42	
23	
23	
19	
50	
88	
88	
82	
29	
29	
94	
94	
80	
17	
26	
26	
65	
98	
72	
72	
74	
63	
63	
45	
45	
19	
16	
5	
13	
9	
56	
52	
64	
47	
42	
21	
80	
52	
31	
27	
20	
16	
26	
16	
13	
10	
40	
46	
22	
89	
50	
42	
25	
22	
59	
30	
74	
76	
79	
74	
73	
79	
66	
48	
56	
48	
11	
29	
26	
3	
19	
70	
19	
88	
59	
39	
58	
55	
65	
77	
29	
96	
83	
98	
83	
75	
85	
82	
75	
58	
98	
74	
80	
70	
74	
73	
73	
23	
20	
85	
53	
66	
2	
22	
10	
27	
58	
73	
60	
42	
60	
55	
57	
37	
75	
43	
88	
80	
13	
81	
30	
16	
2	
35	
12	
17	
29	
67	
56	
16	
42	
11	
61	
54	
52	
68	
2	
45	
1	
63	
79	
75	
79	
48	
69	
22	
70	
51	
27	
91	
86	
91	
72	
84	
2	
23	
21	
91	
81	
58	
96	
29	
99	
91	
89	
89	
76	
35	
17	
92	
97	
89	
83	
66	
94	
82	
47	
81	
81	
81	
66	
53	
61	
99	
90	
93	
61	
98	
32	
58	
82	
23	
58	
70	
56	
61	
91	
32	
78	
99	
86	
14	
97	
71	
91	
53	
27	
18	
80	
61	
64	
58	
96	
93	
2	
17	
11	
41	
40	
43	
17	
1	
16	
1	
26	
4	
32	
55	
84	
2	
19	
40	
2	
52	
9	
39	
16	
61	
61	
25	
41	
50	
46	
82	
70	
77	
44	
96	
33	
69	
54	
43	
47	
47	
77	
30	
21	
14	
84	
23	
30	
12	
49	
66	
10	
91	
70	
80	
96	
80	
92	
60	
50	
81	
60	
57	
49	
37	
30	
11	
34	
36	
37	
29	
13	
45	
30	
18	
7	
49	
47	
48	
7	
39	
8	
13	
38	
5	
72	
43	
56	
21	
61	
44	
25	
39	
20	
15	
91	
8	
97	
19	
4	
20	
87	
2	
2	
81	
18	
2	
20	
74	
39	
73	
9	
35	
28	
18	
58	
89	
19	
80	
83	
88	
82	
76	
48	
42	
85	
98	
97	
51	
57	
40	
31	
80	
64	
91	
69	
69	
27	
72	
79	
55	
22	
76	
36	
81	
7	
96	
12	
97	
97	
84	
84	
14	
13	
47	
59	
32	
51	
40	
40	
47	
62	
67	
44	
3	
65	
65	
50	
61	
84	
47	
62	
33	
76	
39	
35	
10	
43	
62	
19	
28	
14	
44	
14	
52	
12	
16	
63	
76	
20	
74	
40	
21	
83	
94	
68	
31	
51	
48	
74	
49	
48	
66	
75	
34	
56	
24	
50	
92	
98	
23	
35	
36	
97	
14	
23	
71	
68	
89	
94	
41	
76	
67	
29	
89	
73	
60	
82	
44	
30	
2	
64	
27	
27	
25	
24	
68	
22	
71	
85	
14	
83	
72	
53	
58	
69	
82	
68	
2	
84	
1	
75	
71	
37	
54	
51	
62	
74	
63	
99	
98	
94	
95	
83	
59	
62	
37	
68	
44	
91	
86	
22	
13	
44	
30	
6	
5	
42	
55	
65	
27	
34	
47	
42	
23	
1	
13	
53	
16	
59	
11	
17	
26	
34	
96	
85	
92	
10	
79	
60	
29	
89	
2	
25	
2	
16	
4	
13	
56	
76	
25	
25	
23	
34	
82	
67	
1	
96	
22	
93	
98	
