-103.786854	
-104.711110	
-105.096166	
-202.702647	
-202.761433	
-203.344079	
-204.366629	
-204.403955	
-204.459807	
-205.150308	

-3.452460	
-3.616428	
-4.136902	
-4.814656	
-4.851315	
-5.021221	
-5.047888	
-5.263362	
-5.376523	
-105.101239	

-5.763906	
-104.491994	
-104.859490	
-105.808750	
-105.969087	
-106.111652	
-204.457268	
-205.789086	
-205.991899	
-206.209976	

-3.567031	
-4.352104	
-4.903742	
-5.029949	
-5.211852	
-5.353142	
-5.507364	
-5.984316	
-105.949211	
-106.780419	

-3.567031	
-4.352104	
-4.903742	
-5.029949	
-5.211852	
-5.353142	
-5.507364	
-5.984316	
-105.949211	
-106.780419	

-3.213762	
-4.529980	
-4.539175	
-4.858505	
-5.443466	
-5.851300	
-104.268027	
-104.959666	
-105.346287	
-203.592089	

-4.635374	
-5.068586	
-5.140163	
-5.161104	
-5.173882	
-5.433814	
-5.453937	
-5.512928	
-5.546111	
-104.981461	

-4.956327	
-5.979223	
-6.204280	
-6.314187	
-6.749456	
-6.791589	
-6.845757	
-6.960475	
-7.265384	
-7.356956	

-4.550868	
-4.710992	
-5.320237	
-5.907703	
-6.048859	
-6.245540	
-6.666693	
-7.041948	
-7.157908	
-7.176129	

-4.550868	
-4.710992	
-5.320237	
-5.907703	
-6.048859	
-6.245540	
-6.666693	
-7.041948	
-7.157908	
-7.176129	

-5.950207	
-6.773508	
-7.341333	
-7.717032	
-7.891877	
-8.014673	
-8.677686	
-9.032822	
-9.183996	
-9.355261	

-5.531666	
-5.980452	
-6.072412	
-6.141715	
-6.779443	
-6.781533	
-6.967313	
-7.733333	
-7.854037	
-7.978673	

-6.781306	
-6.841998	
-6.896753	
-7.603565	
-9.790866	
-9.904639	
-9.939762	
-106.822005	
-106.833917	
-108.169871	

-7.673072	
-8.199885	
-8.269698	
-8.379158	
-8.547161	
-9.428611	
-9.589733	
-9.798717	
-11.528312	
-108.832330	

-6.509991	
-8.176152	
-8.217278	
-8.279412	
-8.541360	
-8.642093	
-9.169245	
-9.216040	
-9.413809	
-10.261633	

-6.190449	
-6.584050	
-6.686310	
-6.815027	
-7.337218	
-7.395911	
-7.444567	
-7.466815	
-8.518734	
-106.983891	

-7.273081	
-7.560444	
-7.719098	
-9.197333	
-9.329899	
-9.705025	
-10.199602	
-10.645900	
-10.679999	
-108.942200	

-9.056406	
-9.491921	
-9.668577	
-9.768207	
-107.821292	
-107.900386	
-108.471682	
-108.732524	
-206.936358	
-207.549664	

-105.616005	
-105.865990	
-106.347201	
-106.347378	
-106.590425	
-107.119977	
-107.210112	
-107.389456	
-206.372292	
-206.373409	

-104.603108	
-104.836811	
-105.128996	
-105.264981	
-106.323680	
-106.415497	
-106.496206	
-106.667703	
-106.854100	
-207.243402	

-106.251893	
-106.384483	
-106.695522	
-106.911975	
-106.968805	
-107.236750	
-107.892309	
-206.004276	
-206.331675	
-206.575539	

-105.500991	
-105.567518	
-105.946044	
-105.995523	
-107.304741	
-107.560659	
-108.279478	
-109.793153	
-206.830177	
-207.001413	

-106.700853	
-106.745175	
-106.991589	
-107.510488	
-107.964051	
-108.049629	
-108.184990	
-109.173907	
-109.313263	
-408.660382	

-105.688321	
-105.768292	
-105.801427	
-106.925146	
-107.486071	
-107.526015	
-107.599093	
-108.087292	
-108.174119	
-207.431225	

-107.494226	
-107.876015	
-108.305502	
-108.510486	
-108.970301	
-109.119041	
-109.284437	
-109.378746	
-109.459906	
-207.890964	

-106.875679	
-106.975006	
-107.122499	
-107.322719	
-108.609510	
-109.666047	
-110.262695	
-208.563639	
-306.736418	
-307.803576	

-4.673362	
-5.493822	
-6.113133	
-6.449753	
-7.204446	
-105.252862	
-105.472982	
-105.840664	
-106.117727	
-106.323584	

-5.763906	
-104.491994	
-104.859490	
-105.808750	
-105.969087	
-106.111652	
-204.457268	
-205.789086	
-205.991899	
-206.209976	

-101.843895	
-103.224327	
-103.461322	
-104.562875	
-104.782052	
-104.875502	
-204.365605	
-204.661295	
-208.320146	
-305.194322	

-4.754706	
-5.782151	
-6.060133	
-6.190888	
-6.438130	
-6.516357	
-6.579914	
-6.759371	
-7.068631	
-106.768604	

-4.956327	
-5.979223	
-6.204280	
-6.314187	
-6.749456	
-6.791589	
-6.845757	
-6.960475	
-7.265384	
-7.356956	

-2.650445	
-3.563777	
-4.198343	
-4.238352	
-4.313411	
-4.545683	
-4.660636	
-4.901018	
-5.194369	
-103.851884	

-3.452754	
-4.604476	
-4.961914	
-5.340972	
-5.449196	
-5.780932	
-6.546290	
-6.683832	
-104.377466	
-106.310147	

-3.452754	
-4.604476	
-4.961914	
-5.340972	
-5.449196	
-5.780932	
-6.546290	
-6.683832	
-104.377466	
-106.310147	

-2.976788	
-4.419385	
-4.942396	
-5.242157	
-5.579207	
-6.923844	
-104.346549	
-105.022989	
-105.184678	
-106.245281	

-2.976788	
-4.419385	
-4.942396	
-5.242157	
-5.579207	
-6.923844	
-104.346549	
-105.022989	
-105.184678	
-106.245281	

-101.843895	
-103.224327	
-103.461322	
-104.562875	
-104.782052	
-104.875502	
-204.365605	
-204.661295	
-208.320146	
-305.194322	

-101.843895	
-103.224327	
-103.461322	
-104.562875	
-104.782052	
-104.875502	
-204.365605	
-204.661295	
-208.320146	
-305.194322	

-4.430917	
-4.779582	
-5.193904	
-5.581204	
-5.988505	
-6.218607	
-6.259967	
-6.587909	
-6.774698	
-7.372931	

-4.430917	
-4.779582	
-5.193904	
-5.581204	
-5.988505	
-6.218607	
-6.259967	
-6.587909	
-6.774698	
-7.372931	

-4.153803	
-4.680745	
-4.956937	
-5.288579	
-5.677693	
-5.750236	
-5.823226	
-6.190035	
-6.240484	
-6.648722	

-4.153803	
-4.680745	
-4.956937	
-5.288579	
-5.677693	
-5.750236	
-5.823226	
-6.190035	
-6.240484	
-6.648722	

-2.650445	
-3.563777	
-4.198343	
-4.238352	
-4.313411	
-4.545683	
-4.660636	
-4.901018	
-5.194369	
-103.851884	

-2.650445	
-3.563777	
-4.198343	
-4.238352	
-4.313411	
-4.545683	
-4.660636	
-4.901018	
-5.194369	
-103.851884	

-101.843895	
-103.224327	
-103.461322	
-104.562875	
-104.782052	
-104.875502	
-204.365605	
-204.661295	
-208.320146	
-305.194322	

-2.650445	
-3.563777	
-4.198343	
-4.238352	
-4.313411	
-4.545683	
-4.660636	
-4.901018	
-5.194369	
-103.851884	

-101.843895	
-103.224327	
-103.461322	
-104.562875	
-104.782052	
-104.875502	
-204.365605	
-204.661295	
-208.320146	
-305.194322	

-101.843895	
-103.224327	
-103.461322	
-104.562875	
-104.782052	
-104.875502	
-204.365605	
-204.661295	
-208.320146	
-305.194322	

-9.056406	
-9.491921	
-9.668577	
-9.768207	
-107.821292	
-107.900386	
-108.471682	
-108.732524	
-206.936358	
-207.549664	

-9.516303	
-106.490593	
-107.312100	
-107.491969	
-107.861276	
-109.101021	
-109.706677	
-209.031594	
-209.504177	
-308.931844	

-5.250605	
-6.057939	
-6.209773	
-6.306930	
-7.297252	
-7.549393	
-106.943816	
-107.071964	
-107.250807	
-107.574222	

-7.596186	
-7.832076	
-7.837291	
-8.415728	
-107.232293	
-107.267944	
-107.519502	
-107.865595	
-110.819728	
-111.119252	

-7.293123	
-8.836717	
-9.180657	
-9.570114	
-9.694796	
-9.970375	
-10.297037	
-10.413894	
-107.729702	
-206.854112	

-7.293123	
-8.836717	
-9.180657	
-9.570114	
-9.694796	
-9.970375	
-10.297037	
-10.413894	
-107.729702	
-206.854112	

-6.480754	
-7.360111	
-8.432436	
-9.222820	
-9.348746	
-10.228890	
-108.574319	
-108.733089	
-206.686832	
-208.333634	

-5.099001	
-6.071886	
-6.253841	
-6.363285	
-6.826613	
-6.993789	
-7.078505	
-7.694701	
-107.373153	
-107.665354	

-7.964394	
-8.983149	
-9.092585	
-10.245155	
-10.450436	
-10.509321	
-108.519367	
-108.622645	
-109.198543	
-109.206224	

-8.327858	
-8.749130	
-8.979072	
-9.093259	
-9.282504	
-9.310562	
-9.688959	
-107.571551	
-108.037092	
-207.046243	

-2.650445	
-3.563777	
-4.198343	
-4.238352	
-4.313411	
-4.545683	
-4.660636	
-4.901018	
-5.194369	
-103.851884	

-2.650445	
-3.563777	
-4.198343	
-4.238352	
-4.313411	
-4.545683	
-4.660636	
-4.901018	
-5.194369	
-103.851884	

-106.875679	
-106.975006	
-107.122499	
-107.322719	
-108.609510	
-109.666047	
-110.262695	
-208.563639	
-306.736418	
-307.803576	

-106.442551	
-106.895873	
-106.980248	
-107.416717	
-107.810555	
-306.442842	
-306.610284	
-306.705237	
-307.527824	
-308.368853	

-105.081696	
-105.154224	
-105.251467	
-105.567972	
-106.407649	
-106.576066	
-106.819356	
-106.879790	
-107.174379	
-306.453715	

-106.958401	
-106.977041	
-107.311028	
-107.677735	
-108.018978	
-108.170812	
-108.305806	
-206.811928	
-206.891085	
-207.328877	

-106.381973	
-106.528680	
-106.651230	
-106.852843	
-107.395271	
-107.599176	
-107.711917	
-108.567198	
-108.597230	
-207.680405	

-106.381973	
-106.528680	
-106.651230	
-106.852843	
-107.395271	
-107.599176	
-107.711917	
-108.567198	
-108.597230	
-207.680405	

-106.599893	
-106.872091	
-106.941853	
-108.094464	
-109.201427	
-109.445065	
-306.577676	
-306.715438	
-307.842654	
-409.132097	

-104.937445	
-105.005061	
-105.223067	
-105.461145	
-106.034239	
-106.118222	
-106.674915	
-106.905055	
-107.207052	
-107.708328	

-107.188154	
-107.393132	
-107.666766	
-108.178466	
-108.758307	
-108.832193	
-109.005857	
-109.212564	
-109.349481	
-110.018641	

-106.384735	
-106.493792	
-106.600037	
-106.723495	
-106.850349	
-107.578387	
-107.842138	
-109.006358	
-109.666745	
-306.775312	

-3.841852	
-4.852818	
-5.685066	
-6.067851	
-106.080423	
-106.141426	
-204.816194	
-204.889873	
-206.152643	
-206.416710	

-4.673362	
-5.493822	
-6.113133	
-6.449753	
-7.204446	
-105.252862	
-105.472982	
-105.840664	
-106.117727	
-106.323584	

-4.143722	
-5.243303	
-5.862306	
-5.875559	
-5.877745	
-6.119765	
-6.456009	
-6.608639	
-6.617674	
-6.755178	

-4.754706	
-5.782151	
-6.060133	
-6.190888	
-6.438130	
-6.516357	
-6.579914	
-6.759371	
-7.068631	
-106.768604	

-8.508477	
-9.015833	
-9.393636	
-9.551794	
-9.602977	
-107.641606	
-107.954742	
-108.230608	
-206.849598	
-207.475389	

-8.508477	
-9.015833	
-9.393636	
-9.551794	
-9.602977	
-107.641606	
-107.954742	
-108.230608	
-206.849598	
-207.475389	

-6.888318	
-8.077148	
-8.497379	
-8.575333	
-9.045639	
-9.090655	
-9.134096	
-208.109680	
-208.671463	
-307.809522	

-5.360144	
-6.381955	
-6.382841	
-6.751780	
-6.921745	
-7.233382	
-7.383871	
-106.782642	
-106.885228	
-107.103397	

-8.162140	
-9.101353	
-9.250893	
-9.299736	
-9.452477	
-9.998406	
-10.224626	
-10.575663	
-108.672020	
-108.940028	

-8.894827	
-9.096662	
-9.334970	
-9.731917	
-9.815056	
-9.906486	
-10.186326	
-107.862589	
-108.374721	
-206.944918	

-106.085962	
-106.288755	
-106.327825	
-106.544238	
-107.198007	
-107.462825	
-108.191238	
-108.414555	
-207.597706	
-306.784568	

-106.085962	
-106.288755	
-106.327825	
-106.544238	
-107.198007	
-107.462825	
-108.191238	
-108.414555	
-207.597706	
-306.784568	

-106.526056	
-106.731751	
-106.861109	
-107.334272	
-108.476803	
-306.326984	
-306.404974	
-306.548179	
-307.190882	
-407.597114	

-104.891116	
-105.061476	
-105.069194	
-105.251104	
-105.699858	
-106.270970	
-106.450957	
-106.552323	
-106.736522	
-107.422131	

-106.751130	
-107.036169	
-107.454370	
-107.516658	
-107.745428	
-108.056274	
-108.143586	
-207.059983	
-207.348244	
-207.578804	

-106.132781	
-106.417809	
-106.531673	
-106.798168	
-106.833812	
-107.475884	
-107.877298	
-108.269884	
-108.275662	
-207.526058	

-3.452460	
-3.616428	
-4.136902	
-4.814656	
-4.851315	
-5.021221	
-5.047888	
-5.263362	
-5.376523	
-105.101239	

-4.635374	
-5.068586	
-5.140163	
-5.161104	
-5.173882	
-5.433814	
-5.453937	
-5.512928	
-5.546111	
-104.981461	

-103.786854	
-104.711110	
-105.096166	
-202.702647	
-202.761433	
-203.344079	
-204.366629	
-204.403955	
-204.459807	
-205.150308	

-3.841852	
-4.852818	
-5.685066	
-6.067851	
-106.080423	
-106.141426	
-204.816194	
-204.889873	
-206.152643	
-206.416710	

-3.841852	
-4.852818	
-5.685066	
-6.067851	
-106.080423	
-106.141426	
-204.816194	
-204.889873	
-206.152643	
-206.416710	

-2.976788	
-4.419385	
-4.942396	
-5.242157	
-5.579207	
-6.923844	
-104.346549	
-105.022989	
-105.184678	
-106.245281	

-3.213762	
-4.529980	
-4.539175	
-4.858505	
-5.443466	
-5.851300	
-104.268027	
-104.959666	
-105.346287	
-203.592089	

-4.143722	
-5.243303	
-5.862306	
-5.875559	
-5.877745	
-6.119765	
-6.456009	
-6.608639	
-6.617674	
-6.755178	

-4.143722	
-5.243303	
-5.862306	
-5.875559	
-5.877745	
-6.119765	
-6.456009	
-6.608639	
-6.617674	
-6.755178	

-4.153803	
-4.680745	
-4.956937	
-5.288579	
-5.677693	
-5.750236	
-5.823226	
-6.190035	
-6.240484	
-6.648722	

-5.177676	
-5.518482	
-5.520512	
-6.591640	
-6.746340	
-6.821950	
-105.950000	
-106.517359	
-107.452982	
-206.389456	

-5.720370	
-5.750519	
-6.328088	
-6.666063	
-6.869086	
-7.149647	
-7.829286	
-106.372433	
-106.571463	
-106.899929	

-5.720370	
-5.750519	
-6.328088	
-6.666063	
-6.869086	
-7.149647	
-7.829286	
-106.372433	
-106.571463	
-106.899929	

-6.027581	
-6.639480	
-7.039361	
-7.507725	
-7.646170	
-7.674171	
-8.169926	
-107.207145	
-107.501473	
-207.102616	

-6.438092	
-6.923881	
-7.104337	
-7.390534	
-106.360035	
-107.040534	
-107.166005	
-107.281171	
-107.813905	
-205.985107	

-5.137958	
-5.804058	
-6.417095	
-6.446999	
-6.716516	
-6.763343	
-7.165877	
-7.181973	
-7.190430	
-7.498500	

-5.137958	
-5.804058	
-6.417095	
-6.446999	
-6.716516	
-6.763343	
-7.165877	
-7.181973	
-7.190430	
-7.498500	

-4.946314	
-5.285451	
-5.947799	
-6.192772	
-6.341472	
-6.678825	
-6.910031	
-7.516283	
-106.897153	
-205.377520	

-5.912459	
-6.463199	
-6.893252	
-7.093905	
-7.528436	
-105.791688	
-105.932731	
-106.109286	
-106.446729	
-107.150440	

-5.912459	
-6.463199	
-6.893252	
-7.093905	
-7.528436	
-105.791688	
-105.932731	
-106.109286	
-106.446729	
-107.150440	

-5.500306	
-5.973972	
-6.432529	
-7.091406	
-7.223226	
-7.327785	
-7.786575	
-7.838583	
-8.199938	
-107.418987	

-5.500306	
-5.973972	
-6.432529	
-7.091406	
-7.223226	
-7.327785	
-7.786575	
-7.838583	
-8.199938	
-107.418987	

-4.843983	
-4.856870	
-5.926365	
-6.052149	
-6.058613	
-6.179475	
-6.326627	
-6.504021	
-6.892169	
-205.249173	

-105.998169	
-106.273409	
-106.816767	
-107.380008	
-107.558275	
-107.562150	
-107.687724	
-206.349644	
-206.716398	
-207.034870	

-106.434695	
-106.534077	
-107.203564	
-107.235904	
-107.245880	
-107.446397	
-107.534884	
-107.594754	
-108.187649	
-108.471511	

-106.434695	
-106.534077	
-107.203564	
-107.235904	
-107.245880	
-107.446397	
-107.534884	
-107.594754	
-108.187649	
-108.471511	

-7.418436	
-107.970847	
-107.984705	
-108.187922	
-108.494193	
-108.504041	
-108.751640	
-108.799550	
-108.831160	
-108.924926	

-7.807381	
-106.050786	
-106.724693	
-107.044126	
-107.893154	
-108.073737	
-108.142340	
-108.165630	
-108.544294	
-206.294539	

-106.331143	
-106.492839	
-107.158357	
-107.522249	
-107.530495	
-107.666918	
-107.819991	
-108.081941	
-108.175327	
-108.333716	

-106.331143	
-106.492839	
-107.158357	
-107.522249	
-107.530495	
-107.666918	
-107.819991	
-108.081941	
-108.175327	
-108.333716	

-6.744482	
-105.820961	
-105.867671	
-105.913376	
-106.803694	
-107.130617	
-107.309033	
-107.630034	
-107.641077	
-206.361759	

-106.439389	
-106.489361	
-106.491432	
-106.521934	
-107.250914	
-107.377794	
-107.464279	
-107.507499	
-107.851214	
-208.052570	

-106.439389	
-106.489361	
-106.491432	
-106.521934	
-107.250914	
-107.377794	
-107.464279	
-107.507499	
-107.851214	
-208.052570	

-106.138955	
-107.254214	
-107.683292	
-107.746729	
-107.900424	
-107.914357	
-108.321599	
-108.514815	
-108.622571	
-108.769864	

-106.138955	
-107.254214	
-107.683292	
-107.746729	
-107.900424	
-107.914357	
-108.321599	
-108.514815	
-108.622571	
-108.769864	

-105.527365	
-105.563997	
-105.657893	
-106.477340	
-106.741088	
-106.809084	
-106.844784	
-106.944655	
-107.288124	
-205.882594	

-207.427947	
-208.409697	
-208.798475	
-208.860592	
-208.975192	
-208.991053	
-209.573497	
-209.935580	
-508.565371	
-508.988489	

-207.496828	
-208.690522	
-208.736628	
-208.919852	
-208.923668	
-208.974127	
-209.063155	
-209.158649	
-508.612830	
-508.902855	

-207.897792	
-208.855509	
-209.251128	
-209.788064	
-210.272878	
-312.124772	
-312.410226	
-507.958455	
-509.518632	
-509.908207	

-207.941761	
-209.294953	
-209.420889	
-209.936512	
-210.642582	
-210.872389	
-210.884065	
-211.699129	
-310.142036	
-313.401862	

-109.472889	
-109.732178	
-206.663280	
-207.605711	
-207.833710	
-208.007230	
-208.189198	
-208.229287	
-208.521594	
-208.663945	

-109.808024	
-206.586300	
-207.469293	
-207.699632	
-207.887915	
-208.086609	
-208.171412	
-208.426233	
-208.486981	
-210.292260	

-109.807090	
-109.840187	
-207.011118	
-208.669240	
-209.083525	
-209.623263	
-209.787028	
-210.227210	
-210.621130	
-211.137202	

-110.249488	
-206.903987	
-208.717291	
-208.998530	
-209.381852	
-209.481975	
-209.517197	
-209.537411	
-210.312378	
-210.322481	

-206.820872	
-207.983161	
-208.026128	
-208.174514	
-208.278309	
-208.448217	
-208.599439	
-208.792255	
-210.259609	
-308.483593	

-206.708965	
-207.794106	
-207.873798	
-208.127251	
-208.198290	
-208.324487	
-208.513878	
-208.533521	
-208.591182	
-308.556892	

-109.205345	
-109.358513	
-109.620488	
-206.941402	
-208.598774	
-209.167888	
-209.556962	
-209.818305	
-209.868446	
-210.538268	

-206.884410	
-208.762250	
-209.099897	
-209.501140	
-209.525316	
-209.639886	
-209.878484	
-209.881665	
-309.654843	
-509.538596	

-110.742856	
-206.834736	
-207.100313	
-207.468078	
-208.027231	
-208.110732	
-208.778636	
-209.089885	
-209.410140	
-307.907782	

-111.527569	
-206.933988	
-207.235886	
-207.558400	
-208.115521	
-208.221855	
-208.876041	
-209.158531	
-209.343340	
-308.874492	

-207.021356	
-208.304806	
-208.406254	
-208.610074	
-208.650087	
-208.765892	
-209.111215	
-209.186105	
-209.425101	
-209.770535	

-207.214073	
-208.349246	
-208.537294	
-208.744726	
-208.794548	
-209.027759	
-209.312328	
-209.601236	
-209.888200	
-210.181393	

-111.423598	
-206.992395	
-207.202459	
-207.525853	
-207.933287	
-207.982438	
-208.173092	
-208.516602	
-209.152263	
-308.214603	

-207.116287	
-207.258640	
-207.496562	
-208.001750	
-208.056053	
-208.278075	
-208.575445	
-208.852021	
-209.116506	
-209.143223	

-207.105745	
-208.387084	
-208.445732	
-208.493106	
-209.072341	
-209.194044	
-209.362891	
-209.652419	
-210.169681	
-309.032941	

-207.256799	
-208.357681	
-208.732151	
-208.836600	
-209.122249	
-209.239525	
-209.501034	
-210.604562	
-308.900806	
-309.245162	

-112.103631	
-207.088492	
-207.839457	
-208.370840	
-208.430790	
-208.471733	
-208.610954	
-208.712842	
-208.859709	
-211.493368	

-206.954656	
-208.002253	
-208.306736	
-208.384130	
-208.432702	
-208.442915	
-208.628438	
-208.680191	
-210.452948	
-310.932582	

-112.867498	
-207.168305	
-208.214319	
-209.563162	
-209.617436	
-209.690160	
-209.950935	
-210.202321	
-210.364265	
-211.134556	

-207.087434	
-208.484205	
-209.423122	
-209.637953	
-209.660297	
-209.881279	
-209.994865	
-210.318364	
-311.054081	
-313.013426	

-110.694570	
-206.979827	
-207.348640	
-208.157973	
-208.200744	
-208.360001	
-209.054338	
-209.193943	
-209.461741	
-209.467253	

-111.038413	
-207.069430	
-207.350036	
-208.230379	
-208.383772	
-209.156554	
-209.354438	
-209.363514	
-209.446359	
-408.483420	

-206.971514	
-209.013352	
-209.015436	
-209.124368	
-209.164463	
-209.357220	
-209.564245	
-209.987999	
-309.861495	
-408.465180	

-207.166010	
-209.076678	
-209.131074	
-209.209463	
-209.479039	
-209.539287	
-209.580871	
-209.735234	
-310.256476	
-408.726042	

-110.880714	
-111.320667	
-206.958640	
-207.785331	
-208.081135	
-208.308811	
-208.562360	
-209.031731	
-209.184338	
-309.492087	

-111.609336	
-207.034908	
-207.738659	
-208.333652	
-208.538853	
-209.192749	
-209.560793	
-210.821354	
-309.395000	
-408.398036	

-112.081208	
-209.069578	
-209.789387	
-210.211232	
-307.038124	
-309.119636	
-309.526106	
-311.173047	
-408.328975	
-411.133229	

-112.504457	
-209.082035	
-210.546542	
-211.460475	
-212.296981	
-307.210692	
-309.444873	
-309.753371	
-311.581640	
-408.597691	

-211.108310	
-307.896146	
-308.191380	
-308.822135	
-308.913014	
-309.124243	
-309.267477	
-507.748435	
-507.910187	
-508.694633	

-107.807304	
-108.442551	
-108.930900	
-108.970983	
-108.985855	
-212.715001	
-507.678530	
-507.753355	
-508.468963	
-508.775968	

-208.429987	
-208.990892	
-209.601157	
-310.113805	
-311.859956	
-312.950608	
-507.675458	
-509.242072	
-509.415365	
-509.491032	

-208.310133	
-209.275166	
-209.755812	
-312.456094	
-315.537125	
-507.634822	
-509.030774	
-509.267697	
-509.400784	
-509.584407	

-112.466671	
-112.845296	
-112.887291	
-112.995507	
-113.086216	
-113.188351	
-113.337996	
-113.398944	
-211.568522	
-211.901542	

-112.643127	
-112.920539	
-113.153057	
-113.444974	
-114.117572	
-114.353191	
-114.440655	
-212.131603	
-212.371952	
-212.607467	

-113.814120	
-113.836910	
-113.898291	
-114.057956	
-114.216098	
-114.264882	
-114.489249	
-212.249248	
-212.682186	
-213.077404	

-113.871542	
-114.326119	
-114.452323	
-114.861281	
-114.871933	
-115.252132	
-115.465271	
-115.862989	
-213.672171	
-214.173372	

-109.797813	
-109.915889	
-110.521417	
-110.585326	
-111.178625	
-112.176542	
-112.346226	
-114.017494	
-211.977941	
-213.324588	

-112.392757	
-112.815795	
-112.879293	
-113.594286	
-114.557897	
-211.041143	
-211.990438	
-212.204022	
-212.711616	
-312.417847	

-110.715179	
-111.396201	
-112.470638	
-112.528400	
-112.967683	
-211.303207	
-211.740852	
-212.274823	
-213.006413	
-213.532063	

-117.633694	
-213.574021	
-214.418226	
-214.569842	
-214.692486	
-215.495801	
-409.663024	
-413.606864	
-508.397686	
-509.170072	

-114.459210	
-210.677927	
-210.987186	
-211.250968	
-211.289810	
-211.435073	
-211.470475	
-211.722805	
-212.180018	
-212.490959	

-111.926389	
-112.105286	
-114.942812	
-211.362666	
-211.864599	
-211.902483	
-212.125801	
-212.356943	
-212.478834	
-212.879895	

-112.290644	
-112.743836	
-113.642996	
-114.939605	
-115.236300	
-211.763298	
-212.034713	
-212.264705	
-212.448005	
-212.770231	

-114.141610	
-114.267292	
-114.877305	
-114.958078	
-212.191949	
-213.024648	
-213.791435	
-213.835117	
-409.356353	
-508.341239	

-110.542974	
-111.169190	
-111.927189	
-112.925585	
-113.215918	
-210.178931	
-210.947805	
-211.520393	
-211.604491	
-211.795681	

-110.975783	
-111.206145	
-111.333839	
-111.923327	
-112.201228	
-113.711299	
-114.132476	
-114.334296	
-211.939188	
-212.142995	

-113.728938	
-113.853077	
-114.213283	
-211.404539	
-211.750993	
-212.565485	
-212.673960	
-212.789044	
-212.864352	
-212.976278	

-112.949394	
-112.977884	
-113.003983	
-113.213440	
-113.486653	
-113.797501	
-114.753040	
-115.241044	
-115.614340	
-116.380784	

-111.485062	
-112.442728	
-112.616854	
-112.828058	
-210.182620	
-210.746800	
-211.011683	
-211.249358	
-211.518104	
-211.813976	

-111.771904	
-111.895022	
-112.283230	
-112.880457	
-113.319673	
-113.880169	
-113.954543	
-114.709999	
-211.199310	
-211.423843	

-210.104336	
-211.025003	
-211.120901	
-211.252665	
-211.418482	
-211.439491	
-211.510208	
-212.206022	
-213.779392	
-311.350468	

-10.868106	
-11.246681	
-12.525411	
-12.590522	
-13.151607	
-13.171004	
-13.618863	
-14.126603	
-14.148835	
-14.473959	

-10.185185	
-10.392916	
-10.586583	
-10.823618	
-10.961682	
-11.203488	
-11.312718	
-11.667297	
-11.876015	
-110.591788	

-9.600350	
-9.732783	
-10.207167	
-10.426043	
-10.596433	
-11.600375	
-11.967337	
-12.037421	
-12.583733	
-207.871202	

-10.581940	
-11.016931	
-11.395219	
-11.568812	
-11.639685	
-11.959151	
-12.113183	
-12.319761	
-12.441858	
-12.495540	

-11.568355	
-12.288411	
-12.590975	
-13.277589	
-13.783014	
-13.897785	
-209.101449	
-209.409111	
-307.214930	
-307.856617	

-9.014558	
-9.365675	
-10.021008	
-11.196837	
-11.257020	
-11.298513	
-11.310140	
-11.593690	
-11.654808	
-11.685978	

-9.629130	
-11.711377	
-11.763002	
-11.851476	
-12.125003	
-12.504794	
-13.449232	
-110.718195	
-110.922524	
-111.210850	

-9.262765	
-9.723364	
-10.151027	
-10.355702	
-10.487808	
-11.033839	
-11.369859	
-11.454739	
-11.805635	
-12.774386	

-11.446908	
-11.538850	
-11.539610	
-12.408480	
-12.966158	
-109.759606	
-110.479833	
-111.203017	
-111.502285	
-113.512496	

-10.341992	
-10.453459	
-11.699533	
-12.088354	
-12.392395	
-12.545149	
-12.610417	
-12.616770	
-12.628914	
-12.711548	

-10.026640	
-10.665174	
-10.862973	
-11.297064	
-11.426576	
-11.543444	
-11.703329	
-11.823286	
-11.953429	
-11.957082	

-12.286988	
-12.590294	
-13.432395	
-13.487493	
-13.603950	
-13.839136	
-13.907585	
-14.755545	
-114.043065	
-114.127629	

-12.346957	
-12.803166	
-13.372935	
-13.791392	
-13.918305	
-13.960936	
-14.349451	
-113.181707	
-116.802782	
-215.836069	

-12.597130	
-13.025803	
-14.457523	
-112.757273	
-113.055154	
-113.718179	
-113.844343	
-114.427300	
-114.550551	
-115.194695	

-13.203182	
-13.296262	
-14.381204	
-14.461066	
-14.947238	
-15.075248	
-15.448021	
-113.481366	
-113.548792	
-113.579152	

-13.203182	
-13.296262	
-14.381204	
-14.461066	
-14.947238	
-15.075248	
-15.448021	
-113.481366	
-113.548792	
-113.579152	

-8.107474	
-8.817793	
-9.091734	
-9.907142	
-10.159532	
-10.855578	
-11.965726	
-108.748700	
-207.773722	
-210.901213	

-8.684562	
-9.251707	
-9.402632	
-9.726067	
-9.948838	
-10.498952	
-10.629187	
-10.681347	
-10.921512	
-11.341961	

-9.875046	
-10.210706	
-10.633161	
-10.696859	
-11.409226	
-11.514509	
-11.539705	
-11.915702	
-12.481134	
-12.651358	

-110.137723	
-110.154958	
-110.255692	
-110.256702	
-110.341927	
-110.772323	
-111.224804	
-111.817480	
-112.233481	
-210.139223	

-111.714091	
-111.777926	
-111.844648	
-111.890882	
-112.101294	
-112.328795	
-113.289228	
-113.520763	
-114.176309	
-309.119717	

-8.305484	
-9.133269	
-9.611386	
-9.856729	
-10.230519	
-10.238926	
-10.831721	
-10.864472	
-108.990458	
-109.662953	

-9.476533	
-10.372859	
-10.486943	
-10.886441	
-11.097830	
-11.135103	
-11.723006	
-13.796926	
-110.488409	
-112.313392	

-109.629308	
-109.670314	
-109.773021	
-110.019135	
-110.169104	
-110.321605	
-110.323464	
-110.627715	
-110.993929	
-111.040628	

-111.801475	
-113.384633	
-113.639450	
-113.719252	
-114.477661	
-114.643000	
-215.191440	
-215.747189	
-308.971650	
-309.793140	

-11.456744	
-11.784851	
-12.282762	
-13.147818	
-110.637877	
-110.783911	
-111.411491	
-111.552161	
-113.015569	
-113.757358	

-11.912370	
-13.486414	
-13.795918	
-111.805014	
-112.259048	
-112.503143	
-112.626405	
-114.130281	
-114.171434	
-212.271256	

-11.179849	
-11.564284	
-11.683840	
-11.812197	
-113.017157	
-113.508057	
-114.308469	
-211.542139	
-212.306279	
-212.319069	

-11.923165	
-12.364952	
-12.871099	
-12.981384	
-13.003034	
-112.125873	
-112.394016	
-112.540577	
-113.978651	
-212.277548	

-11.480272	
-11.950862	
-12.187754	
-12.466622	
-13.377524	
-14.282843	
-14.564437	
-14.625709	
-111.453830	
-113.616460	

-12.690799	
-12.714985	
-12.720597	
-12.779167	
-13.402708	
-14.007325	
-15.788246	
-112.935306	
-114.194322	
-114.731653	

-11.873978	
-12.231340	
-12.514019	
-12.671111	
-12.784771	
-13.000714	
-13.621704	
-112.716444	
-113.150322	
-114.523355	

-12.847232	
-12.871850	
-13.106581	
-13.147542	
-13.270962	
-13.346927	
-14.432855	
-14.730184	
-16.582722	
-214.174188	

-13.337662	
-110.082618	
-110.603765	
-112.859747	
-113.185086	
-211.783796	
-212.884043	
-214.108434	
-214.638063	
-412.716796	

-12.216012	
-12.524533	
-111.992887	
-112.274065	
-112.803112	
-112.871834	
-113.250192	
-113.407928	
-113.826635	
-115.025751	

-14.481332	
-14.577620	
-15.211635	
-111.492367	
-113.159323	
-113.631918	
-114.158519	
-114.617051	
-114.952331	
-114.975151	

-13.952082	
-14.207017	
-113.921354	
-114.278110	
-116.254651	
-116.509178	
-117.522096	
-408.079035	
-408.688266	
-410.182443	

-13.016771	
-110.317711	
-111.399804	
-111.815462	
-112.083210	
-112.336500	
-112.572881	
-112.589186	
-112.709152	
-212.409602	

-13.138402	
-111.136646	
-112.054630	
-112.593870	
-112.882403	
-113.193378	
-114.240714	
-210.700334	
-211.839428	
-212.255169	

-112.074639	
-113.385801	
-211.466780	
-211.692747	
-211.850628	
-211.973456	
-215.115387	
-311.404334	
-313.059800	
-313.442757	

-13.702780	
-13.881113	
-15.314230	
-112.265178	
-112.306352	
-112.751595	
-112.834832	
-113.358431	
-113.973650	
-114.633245	

-12.555198	
-12.900657	
-13.030329	
-13.149901	
-13.284497	
-13.647970	
-13.719865	
-110.474814	
-112.928618	
-113.367354	

-11.678882	
-12.520738	
-12.750804	
-13.413129	
-110.921623	
-112.588588	
-112.648552	
-112.835030	
-112.886405	
-113.641871	

-12.849894	
-111.722819	
-111.854228	
-112.051334	
-112.419157	
-113.696729	
-114.096132	
-114.440416	
-211.641116	
-211.751349	

-14.604132	
-14.634326	
-15.335213	
-112.371935	
-112.406423	
-112.995698	
-113.047441	
-113.369117	
-114.855790	
-115.292347	

-109.524233	
-110.441786	
-110.524456	
-110.544927	
-110.585880	
-110.715991	
-111.566271	
-209.063787	
-209.507893	
-209.883698	

-113.516340	
-113.589190	
-114.169635	
-114.354962	
-212.599225	
-213.244196	
-213.283636	
-213.382559	
-213.838590	
-214.102542	

-109.606908	
-109.959883	
-110.111330	
-110.116008	
-110.192851	
-110.222711	
-110.331676	
-110.894715	
-110.926837	
-111.429863	

-109.794628	
-109.980649	
-110.024776	
-110.067202	
-110.074251	
-110.214234	
-110.703412	
-110.737699	
-111.140109	
-308.100755	

-110.588960	
-110.725341	
-110.733760	
-111.066353	
-111.072508	
-111.177750	
-111.284674	
-111.476297	
-111.751881	
-211.256139	

-110.674050	
-110.680318	
-110.733368	
-111.139265	
-111.347170	
-111.449046	
-112.257506	
-309.283665	
-406.872636	
-408.033739	

-113.264034	
-113.442715	
-114.717864	
-210.899365	
-211.151711	
-211.419603	
-211.590849	
-211.644432	
-212.207051	
-212.637611	

-112.273350	
-112.883909	
-113.434991	
-113.629424	
-113.642357	
-113.729555	
-211.802924	
-211.894424	
-211.933317	
-212.543818	

-113.842892	
-113.997960	
-114.217995	
-114.239837	
-114.358740	
-114.559431	
-212.238445	
-212.471288	
-212.642321	
-212.861179	

-117.432555	
-117.655966	
-118.846797	
-214.985312	
-314.715463	
-314.773781	
-410.214125	
-507.848754	
-508.726954	
-509.827892	

-108.418392	
-108.676132	
-108.754926	
-108.882895	
-108.927503	
-109.118037	
-109.239816	
-109.416152	
-109.799819	
-207.764463	

-108.570035	
-109.123495	
-109.349807	
-109.384540	
-109.593800	
-109.623200	
-207.772001	
-207.835469	
-208.041016	
-210.054130	

-109.169989	
-109.341574	
-109.455708	
-109.701982	
-109.903437	
-110.026283	
-110.725531	
-208.140305	
-208.201991	
-208.493912	

-109.809781	
-110.208364	
-110.927976	
-111.215626	
-111.327106	
-208.712820	
-209.210320	
-210.212689	
-308.603304	
-408.042638	

-109.993289	
-110.406461	
-111.067970	
-112.640473	
-210.366113	
-210.570207	
-210.805044	
-210.840310	
-211.092480	
-212.051570	

-110.331746	
-110.463638	
-110.688747	
-111.004600	
-111.364428	
-112.595555	
-210.953864	
-211.016152	
-211.293231	
-311.116060	

-111.316432	
-113.238855	
-113.518605	
-211.342391	
-211.350431	
-211.427275	
-211.577609	
-211.688032	
-211.700047	
-211.968311	

-112.232851	
-113.237551	
-114.221214	
-212.259947	
-212.365677	
-212.434891	
-212.587472	
-212.779287	
-212.987162	
-508.791820	

-110.397080	
-110.770223	
-112.647062	
-112.818077	
-112.832128	
-210.566749	
-210.710923	
-210.808203	
-310.364889	
-310.617625	

-110.768872	
-110.936834	
-111.134173	
-111.135811	
-112.944637	
-210.920525	
-211.180895	
-211.398806	
-211.544297	
-311.144017	

-113.267223	
-113.353173	
-113.668541	
-113.930604	
-211.158423	
-211.258496	
-211.308920	
-211.455609	
-211.519340	
-211.702374	

-112.647710	
-113.324269	
-113.343852	
-114.583761	
-212.203370	
-212.570636	
-212.571193	
-212.772209	
-212.837999	
-212.934057	

-110.168252	
-110.255564	
-110.718161	
-110.845666	
-111.041639	
-111.042643	
-111.328518	
-111.394873	
-111.761092	
-112.672291	

-112.235466	
-112.408314	
-112.587711	
-112.682889	
-112.700203	
-112.741104	
-112.935464	
-113.053219	
-113.221127	
-311.486819	

-112.732511	
-112.763255	
-113.045411	
-113.125793	
-113.514964	
-113.837538	
-113.991971	
-114.701527	
-212.408762	
-312.620038	

-112.077835	
-113.146242	
-113.344037	
-113.511069	
-113.741823	
-113.881882	
-114.001203	
-114.303891	
-114.350069	
-212.864910	

-114.101452	
-114.184386	
-114.588429	
-114.733631	
-114.981764	
-115.925862	
-116.049624	
-213.490038	
-213.824337	
-215.147071	

-109.005911	
-110.020775	
-110.098089	
-110.201520	
-110.281316	
-110.297723	
-110.442302	
-111.152184	
-111.328691	
-210.012404	

-107.186342	
-107.499389	
-107.727800	
-107.778404	
-107.910799	
-107.939493	
-108.770596	
-109.222219	
-207.657711	
-208.386672	

-8.107474	
-8.817793	
-9.091734	
-9.907142	
-10.159532	
-10.855578	
-11.965726	
-108.748700	
-207.773722	
-210.901213	

-8.788488	
-8.816450	
-9.564434	
-9.638549	
-9.858234	
-9.913582	
-10.275294	
-10.384468	
-11.000971	
-11.948025	

-10.102763	
-10.333206	
-12.037911	
-12.100401	
-109.570402	
-109.831415	
-109.832132	
-110.029995	
-110.853708	
-110.927139	

-9.132606	
-9.501838	
-9.674819	
-9.830344	
-9.848822	
-10.145648	
-10.474367	
-10.740541	
-11.163767	
-11.832110	

-10.088476	
-10.156689	
-10.263264	
-10.405708	
-10.584124	
-11.315536	
-12.557636	
-12.691072	
-13.327725	
-13.329573	

-10.332197	
-10.644539	
-10.836655	
-10.841045	
-10.883000	
-11.029373	
-11.271975	
-11.380481	
-11.554735	
-208.208865	

-9.263022	
-9.449046	
-9.469018	
-9.846240	
-9.975909	
-10.002426	
-10.012631	
-10.299671	
-10.748018	
-207.797300	

-11.020232	
-11.099247	
-11.138322	
-11.663452	
-12.015999	
-12.054061	
-12.456898	
-12.514704	
-209.835384	
-309.213173	

-10.644473	
-10.823931	
-10.942238	
-12.001766	
-12.245180	
-12.343992	
-209.250273	
-307.115985	
-308.084725	
-309.403827	

-9.125906	
-9.628913	
-9.632863	
-9.661595	
-10.314852	
-11.544186	
-11.602636	
-11.678357	
-11.831270	
-108.811534	

-9.319382	
-9.662896	
-10.256463	
-11.553343	
-11.567902	
-11.693797	
-11.947347	
-12.857982	
-108.758784	
-111.054251	

-9.834730	
-10.029545	
-10.568205	
-10.721918	
-11.002047	
-11.507402	
-11.744859	
-11.759609	
-12.250271	
-12.885973	

-10.482656	
-10.621705	
-11.816510	
-12.571389	
-13.255075	
-13.511580	
-13.845053	
-112.963597	
-213.431656	
-312.022788	

-14.604132	
-14.634326	
-15.335213	
-112.371935	
-112.406423	
-112.995698	
-113.047441	
-113.369117	
-114.855790	
-115.292347	

-11.032052	
-11.060414	
-11.068766	
-11.233266	
-12.138859	
-12.285841	
-12.624783	
-13.238947	
-13.257180	
-13.263758	

-11.618391	
-12.308425	
-12.581059	
-12.889071	
-13.232526	
-13.386125	
-14.006951	
-14.127890	
-14.348135	
-112.382109	

-12.563765	
-14.248424	
-112.965984	
-113.042988	
-113.166092	
-113.402999	
-114.241774	
-115.178599	
-115.342062	
-314.288259	

-13.100766	
-13.105980	
-13.287327	
-13.488732	
-13.547355	
-13.619574	
-13.767253	
-13.804349	
-14.387785	
-14.752900	

-13.658206	
-13.714263	
-13.752517	
-13.827314	
-14.107435	
-14.170925	
-14.829646	
-14.991594	
-15.710327	
-114.675547	

-11.844228	
-12.166356	
-13.004897	
-13.028180	
-13.165288	
-13.259396	
-13.313347	
-13.350108	
-13.956971	
-113.753808	

-12.967920	
-112.800447	
-113.148816	
-113.640886	
-114.330728	
-114.431650	
-211.516391	
-212.944482	
-213.695847	
-311.431322	

-13.317422	
-13.664737	
-14.929932	
-14.935123	
-15.396617	
-15.865136	
-116.426609	
-312.576630	
-313.234781	
-313.458379	

-13.669822	
-13.839601	
-14.187766	
-14.323227	
-14.586226	
-15.535065	
-112.436224	
-112.817177	
-113.183469	
-115.306298	

-113.873296	
-114.165458	
-114.653006	
-114.755247	
-114.839311	
-115.123345	
-116.847014	
-117.496637	
-118.409985	
-215.495278	

-113.873296	
-114.165458	
-114.653006	
-114.755247	
-114.839311	
-115.123345	
-116.847014	
-117.496637	
-118.409985	
-215.495278	

-11.148263	
-12.397832	
-12.474108	
-13.266554	
-13.275393	
-13.809898	
-13.817167	
-112.307805	
-113.909201	
-114.656034	

-11.929263	
-12.079996	
-12.668888	
-13.490575	
-14.315230	
-16.598996	
-113.118891	
-113.166998	
-115.452211	
-119.051316	

-12.485086	
-13.488274	
-14.028118	
-14.068976	
-14.675785	
-14.807183	
-14.853554	
-112.335091	
-113.045565	
-113.590463	

-16.270194	
-16.790047	
-17.696629	
-17.927312	
-18.380902	
-115.326267	
-115.695500	
-116.324921	
-116.691013	
-117.094111	

-9.949074	
-9.957902	
-10.006896	
-10.188117	
-10.312430	
-10.941886	
-11.355193	
-11.478350	
-210.781641	
-211.689501	

-8.449965	
-8.760476	
-9.090961	
-9.200938	
-10.135635	
-10.166144	
-10.394973	
-10.818452	
-11.361153	
-110.032724	

-9.517716	
-10.232731	
-11.021527	
-11.477975	
-11.812118	
-12.038047	
-12.157332	
-110.987930	
-110.999421	
-111.455241	

-10.056828	
-10.110753	
-12.629300	
-109.623501	
-109.784641	
-110.244010	
-110.373104	
-110.842149	
-111.296653	
-209.970193	

-114.437022	
-114.643247	
-114.849347	
-115.015913	
-115.127930	
-116.154827	
-116.434851	
-211.783994	
-213.944535	
-214.845608	

-10.053790	
-10.054426	
-11.160249	
-12.475863	
-12.507972	
-12.657942	
-12.813044	
-13.555665	
-14.065662	
-112.388663	

-10.924070	
-11.231044	
-12.438556	
-110.074941	
-110.296486	
-110.800167	
-111.243500	
-111.736223	
-112.512223	
-112.587783	

-11.649663	
-17.390582	
-111.490735	
-111.670834	
-111.877525	
-112.518478	
-112.560525	
-112.711497	
-112.796538	
-114.521280	

-10.966761	
-11.771518	
-11.849983	
-12.184377	
-13.073678	
-13.211692	
-14.120835	
-111.517234	
-112.433314	
-114.051473	

-12.708683	
-12.954989	
-13.192350	
-13.539862	
-13.793547	
-14.610062	
-15.337915	
-18.132512	
-112.555429	
-114.732114	

-13.339895	
-13.384390	
-13.838134	
-14.104085	
-113.024227	
-114.157722	
-114.212265	
-114.411555	
-114.888432	
-115.977795	

-12.108700	
-13.476683	
-13.671319	
-13.866100	
-14.250842	
-14.486962	
-15.208590	
-15.927734	
-114.037876	
-114.609371	

-14.414026	
-14.668062	
-15.317954	
-15.429763	
-16.983518	
-17.501403	
-114.779396	
-114.799874	
-115.847268	
-116.287328	

-17.323067	
-17.959464	
-114.493770	
-115.063036	
-115.896936	
-116.025509	
-116.281954	
-116.854104	
-215.902992	
-408.787394	

-12.945775	
-13.821729	
-13.991473	
-111.818202	
-112.497884	
-112.639639	
-113.679211	
-212.790620	
-213.668403	
-312.767249	

-11.814744	
-11.963058	
-13.106972	
-15.213256	
-111.394956	
-112.106210	
-112.269971	
-112.521417	
-113.672214	
-114.116276	

-14.706026	
-14.709998	
-15.044380	
-16.531593	
-17.020592	
-113.648267	
-114.288445	
-114.790731	
-115.904458	
-117.204653	

-16.222258	
-17.466622	
-17.929824	
-113.986952	
-114.627874	
-114.991195	
-115.066994	
-115.071880	
-215.121628	
-408.680195	

-12.774321	
-13.010643	
-13.043765	
-13.276068	
-110.247281	
-113.243513	
-113.431597	
-211.120983	
-211.973509	
-212.132826	

-113.228030	
-113.531656	
-115.035339	
-213.247897	
-312.022063	
-312.276522	
-313.495312	
-313.577642	
-315.579089	
-316.153288	

-112.936205	
-112.955045	
-113.575227	
-113.661098	
-113.669311	
-114.148585	
-114.204735	
-116.263078	
-314.290190	
-314.979061	

-14.572785	
-113.156974	
-113.326999	
-113.652826	
-113.694362	
-114.213476	
-114.551442	
-116.519801	
-214.951359	
-215.285933	

-13.481804	
-111.124460	
-111.823538	
-111.835043	
-112.712386	
-113.558229	
-113.675867	
-113.904701	
-114.160777	
-114.600180	

-17.080818	
-17.999336	
-115.903962	
-115.987006	
-116.452105	
-116.851462	
-116.979491	
-117.613969	
-214.949433	
-309.177763	

-14.549081	
-14.714313	
-16.318974	
-16.654300	
-16.961423	
-112.802786	
-113.521305	
-116.305208	
-214.532409	
-215.184333	

-17.561946	
-17.917090	
-18.631802	
-19.037596	
-114.935698	
-115.033661	
-117.070634	
-118.235598	
-316.903786	
-318.216764	

-11.845958	
-11.875502	
-11.884375	
-12.052274	
-12.821447	
-12.895198	
-12.909637	
-12.924779	
-13.362309	
-13.878769	

-14.217601	
-14.234548	
-14.572185	
-14.900999	
-14.969768	
-15.242383	
-15.424811	
-15.785844	
-16.462089	
-114.537500	

-12.872313	
-12.982757	
-13.261671	
-13.304584	
-13.760316	
-14.346608	
-14.614384	
-112.264181	
-113.518839	
-114.945465	

-115.816639	
-115.912742	
-116.320879	
-116.407118	
-117.680177	
-214.225628	
-214.494166	
-215.369723	
-216.462969	
-316.938618	

-107.186342	
-107.499389	
-107.727800	
-107.778404	
-107.910799	
-107.939493	
-108.770596	
-109.222219	
-207.657711	
-208.386672	

-108.310417	
-108.587289	
-108.848169	
-108.871235	
-108.936212	
-109.533881	
-109.586564	
-110.062473	
-110.150888	
-208.957851	

-109.247024	
-109.331698	
-109.436623	
-109.744219	
-109.947719	
-110.008968	
-110.028714	
-110.039827	
-110.707153	
-208.525187	

-108.511749	
-109.011793	
-109.045405	
-109.091916	
-109.123350	
-109.192562	
-109.634473	
-109.656794	
-109.971889	
-208.433433	

-108.792108	
-109.026786	
-109.376726	
-109.732636	
-109.778678	
-109.920212	
-110.222441	
-110.399811	
-208.840783	
-209.236135	

-110.111547	
-110.176336	
-110.573060	
-110.634435	
-111.017186	
-111.249880	
-207.914570	
-208.277391	
-309.917384	
-310.465787	

-108.378814	
-108.568672	
-108.710378	
-108.886341	
-108.927499	
-109.006955	
-109.083134	
-109.091061	
-109.124660	
-109.938410	

-108.578288	
-108.764222	
-109.434847	
-110.505560	
-110.512612	
-110.886524	
-111.164589	
-111.606106	
-408.197111	
-408.357272	

-109.417673	
-109.561921	
-109.730144	
-110.144239	
-110.160964	
-110.185239	
-110.680032	
-110.881612	
-111.121207	
-407.057386	

-108.164328	
-108.358678	
-108.537793	
-108.575736	
-109.055699	
-109.170811	
-109.638054	
-109.827748	
-207.478312	
-207.615725	

-108.692413	
-108.867429	
-109.099462	
-109.760146	
-109.955227	
-109.974348	
-110.018437	
-208.279188	
-208.616177	
-210.092320	

-108.756264	
-109.399806	
-109.424404	
-109.865579	
-207.710495	
-207.808593	
-207.933779	
-208.798086	
-209.096947	
-209.392970	

-108.862600	
-109.958913	
-110.242050	
-110.278642	
-110.296887	
-110.504367	
-110.623137	
-208.081452	
-208.527283	
-308.046197	

-109.516580	
-109.576971	
-110.257657	
-110.447144	
-110.494509	
-110.604352	
-110.700462	
-110.740382	
-111.033845	
-211.067853	

-109.094900	
-110.012000	
-110.130003	
-110.219744	
-110.517882	
-209.810358	
-210.005466	
-210.145058	
-210.832249	
-210.869948	

-107.706022	
-107.927655	
-107.981055	
-108.032952	
-109.343864	
-109.853656	
-110.396660	
-110.570478	
-207.771846	
-209.554932	

-108.940319	
-109.177809	
-109.753995	
-109.852874	
-110.045339	
-110.138610	
-110.151624	
-110.278177	
-209.282487	
-209.348902	

-108.798442	
-207.307150	
-208.389719	
-208.524172	
-208.654718	
-208.809044	
-209.052623	
-412.120607	
-508.664169	
-608.245328	

-207.033000	
-208.022116	
-208.463554	
-208.528828	
-208.720983	
-208.737805	
-308.470138	
-308.802888	
-508.077392	
-607.828132	

-207.953037	
-208.820284	
-208.883157	
-209.279454	
-210.241139	
-210.244941	
-311.397031	
-407.767752	
-509.894886	
-710.121405	

-207.594245	
-208.582909	
-209.046658	
-209.126464	
-210.145083	
-210.513946	
-312.048555	
-407.404510	
-408.904807	
-509.906162	

-109.093557	
-109.435575	
-206.459299	
-207.266190	
-207.579858	
-207.845595	
-207.951908	
-208.012526	
-208.381000	
-210.509124	

-206.180242	
-206.872958	
-207.322856	
-207.646349	
-207.689580	
-208.073726	
-208.116220	
-208.141496	
-209.786624	
-210.599043	

-109.264740	
-109.634712	
-206.943292	
-208.020115	
-208.546243	
-209.946179	
-210.082813	
-210.583957	
-210.775537	
-211.396127	

-109.264740	
-109.634712	
-206.943292	
-208.020115	
-208.546243	
-209.946179	
-210.082813	
-210.583957	
-210.775537	
-211.396127	

-206.573007	
-207.686532	
-208.554032	
-208.662058	
-208.936878	
-209.451738	
-209.767522	
-209.933607	
-209.993331	
-210.549950	

-108.536739	
-206.807064	
-207.831652	
-207.969419	
-208.184959	
-208.212869	
-208.518574	
-208.673297	
-208.756490	
-209.990485	

-108.250521	
-109.002929	
-109.372705	
-109.634076	
-109.847936	
-110.022238	
-110.311684	
-209.154496	
-210.248985	
-309.967399	

-8.481841	
-9.216611	
-9.556816	
-9.725810	
-9.783621	
-9.860929	
-9.979960	
-10.716228	
-111.049131	
-111.202517	

-8.923219	
-9.243810	
-9.818827	
-106.671629	
-107.362596	
-107.825744	
-108.147209	
-108.325637	
-108.335119	
-108.383272	

-9.381839	
-13.201016	
-106.585615	
-107.230259	
-107.665551	
-108.046527	
-108.070407	
-108.189886	
-108.337372	
-109.119308	

-107.971638	
-107.979702	
-108.133897	
-108.136398	
-108.447298	
-108.622099	
-108.999901	
-109.011832	
-109.258504	
-208.926023	

-8.695549	
-107.938076	
-108.106906	
-108.112890	
-108.214665	
-108.219447	
-108.612882	
-108.792422	
-108.903122	
-108.938684	

-108.185846	
-108.885660	
-108.980341	
-108.987830	
-109.499923	
-109.562314	
-110.078773	
-208.284567	
-209.067842	
-209.880707	

-207.205014	
-208.061726	
-208.662722	
-208.829739	
-208.883962	
-209.036022	
-209.089775	
-209.122558	
-209.436388	
-209.487565	

-107.016108	
-107.079339	
-207.395159	
-207.726676	
-207.736449	
-207.964628	
-208.190198	
-308.232127	
-308.232369	
-406.530221	

-110.682771	
-205.587072	
-206.108063	
-206.479122	
-206.730241	
-206.826417	
-207.199026	
-207.282864	
-207.671376	
-207.683919	

-113.254565	
-205.778817	
-206.102346	
-206.615864	
-206.925801	
-207.014482	
-207.219399	
-207.282396	
-207.820671	
-207.890849	

-206.747523	
-207.024546	
-207.284209	
-207.289863	
-207.450018	
-207.488210	
-208.345564	
-208.393879	
-208.622152	
-209.071903	

-206.873429	
-207.111041	
-207.150666	
-207.501355	
-207.511570	
-207.542038	
-208.100081	
-208.119061	
-208.431019	
-307.453179	

-107.511291	
-108.106960	
-109.322244	
-110.126243	
-207.067254	
-207.634977	
-207.658438	
-207.818044	
-208.150513	
-208.208193	

-8.997223	
-108.020886	
-108.665113	
-108.780382	
-108.960128	
-109.260275	
-109.369650	
-208.063607	
-208.651411	
-209.628448	

-109.145842	
-109.510171	
-109.574250	
-113.335988	
-208.139045	
-208.770239	
-209.847393	
-209.945931	
-210.062540	
-210.159393	

-109.138305	
-109.569361	
-109.582626	
-109.838809	
-109.991766	
-208.029391	
-208.408141	
-210.005457	
-210.220667	
-210.276722	

-8.020809	
-9.292125	
-9.532603	
-10.934309	
-107.299846	
-107.860144	
-108.290854	
-108.772113	
-109.013113	
-110.161873	

-107.059049	
-107.656706	
-107.916003	
-108.291568	
-108.542807	
-108.597699	
-110.680688	
-111.214421	
-207.664625	
-209.412615	

-108.290029	
-108.483707	
-108.707740	
-108.910249	
-109.162160	
-109.185816	
-109.424437	
-207.644238	
-208.404145	
-209.237019	

-108.318312	
-108.403046	
-108.755224	
-108.784431	
-108.918939	
-108.953034	
-207.455379	
-208.003949	
-209.345852	
-209.357059	

-9.255921	
-9.372333	
-10.303830	
-108.561352	
-109.813358	
-109.858639	
-109.895940	
-110.035535	
-110.357124	
-110.391220	

-10.386679	
-10.579657	
-11.129680	
-11.282421	
-11.322361	
-11.360664	
-11.539354	
-11.698430	
-111.742434	
-111.959608	

-10.299072	
-10.584406	
-11.098473	
-11.235684	
-11.837839	
-12.118230	
-12.692784	
-109.263715	
-109.830659	
-208.142905	

-8.590193	
-8.969003	
-9.474317	
-9.700908	
-9.835717	
-10.705037	
-11.299924	
-11.499485	
-11.819747	
-12.592509	

-9.998943	
-10.320261	
-11.768358	
-11.899950	
-12.110419	
-12.341375	
-12.511298	
-110.895812	
-111.186775	
-111.960945	

-9.106747	
-9.710112	
-9.871925	
-10.205165	
-10.308580	
-11.120924	
-11.882369	
-12.207816	
-12.274870	
-12.507806	

-10.868106	
-11.246681	
-12.525411	
-12.590522	
-13.151607	
-13.171004	
-13.618863	
-14.126603	
-14.148835	
-14.473959	

-11.143314	
-11.343038	
-11.604041	
-12.205197	
-12.325351	
-13.669177	
-110.722572	
-111.490076	
-111.494105	
-112.239132	

-206.591205	
-207.394355	
-207.658741	
-207.728740	
-207.989176	
-208.089523	
-208.178965	
-208.878024	
-307.325305	
-308.046027	

-108.850976	
-206.833271	
-208.197028	
-208.516122	
-208.520181	
-208.667612	
-208.817291	
-208.876689	
-209.020565	
-209.038342	

-206.693888	
-208.372989	
-208.418311	
-208.450332	
-208.549866	
-208.615125	
-208.715304	
-208.765318	
-209.190415	
-308.767156	

-106.401352	
-108.152451	
-108.174997	
-109.451240	
-206.377729	
-206.863097	
-207.346572	
-207.947198	
-208.144154	
-208.422621	

-206.320668	
-206.685450	
-207.292153	
-207.973727	
-208.019927	
-208.156989	
-211.134479	
-306.252421	
-308.240990	
-308.282828	

-108.736629	
-108.780578	
-207.806413	
-207.806747	
-208.031043	
-208.282069	
-306.548577	
-308.630255	
-308.647213	
-408.466097	

-207.835042	
-207.870628	
-207.953205	
-207.960180	
-208.090565	
-208.489882	
-208.584957	
-306.478894	
-308.575212	
-308.766095	

-109.070664	
-109.119875	
-109.900301	
-207.521172	
-208.466788	
-208.925140	
-208.954219	
-209.084731	
-308.894458	
-309.556032	

-109.771015	
-110.612559	
-110.769663	
-110.900571	
-111.158873	
-111.306095	
-111.526494	
-111.679481	
-210.668632	
-210.784868	

-107.921839	
-108.307446	
-108.715002	
-108.792978	
-109.149835	
-109.940402	
-110.426379	
-111.045214	
-111.464263	
-308.089876	

-108.276824	
-108.776271	
-108.981539	
-109.074864	
-109.388755	
-109.501381	
-109.775266	
-109.910518	
-110.018334	
-110.355280	

-109.098231	
-109.512118	
-109.537658	
-109.704373	
-109.727410	
-109.999580	
-110.023946	
-110.159853	
-110.253988	
-110.283408	

-109.080621	
-109.433936	
-109.455369	
-109.954901	
-109.981655	
-110.062171	
-110.439047	
-110.602330	
-208.232236	
-208.502765	

-109.524233	
-110.441786	
-110.524456	
-110.544927	
-110.585880	
-110.715991	
-111.566271	
-209.063787	
-209.507893	
-209.883698	

-206.355383	
-207.262793	
-207.571351	
-207.740663	
-208.218381	
-208.221790	
-208.293663	
-209.511492	
-307.882713	
-308.008204	

-108.734614	
-108.965541	
-207.060895	
-207.957393	
-208.698977	
-209.808078	
-209.929362	
-209.949791	
-210.786609	
-309.065321	

-109.217957	
-206.633667	
-207.732384	
-208.731867	
-208.905140	
-209.578783	
-209.581595	
-210.270783	
-307.916152	
-308.872112	

-206.462367	
-207.292112	
-207.701828	
-208.034360	
-208.248936	
-211.361062	
-306.764389	
-308.538613	
-308.654260	
-308.915339	

-206.162590	
-207.045161	
-207.507444	
-207.899989	
-208.002695	
-213.571940	
-306.530237	
-308.442255	
-308.509241	
-308.630459	

-208.150951	
-208.281942	
-208.310912	
-208.445291	
-209.015710	
-209.302639	
-306.794419	
-307.830713	
-308.635128	
-309.485590	

-207.884507	
-207.993220	
-208.108264	
-208.174735	
-208.846378	
-209.070600	
-306.560820	
-307.716494	
-308.735511	
-309.467334	

-206.872725	
-206.956445	
-207.494624	
-207.817883	
-208.025169	
-208.176512	
-208.204646	
-208.222967	
-208.605666	
-208.946380	

-206.584715	
-206.587907	
-207.155482	
-207.557448	
-207.744434	
-207.949506	
-207.951628	
-208.322702	
-208.527529	
-208.594590	

-208.576205	
-208.899946	
-209.290359	
-211.609814	
-307.097812	
-307.431008	
-308.540393	
-308.989987	
-309.104154	
-309.889629	

-106.787441	
-107.251818	
-108.653041	
-108.656507	
-108.665175	
-109.307196	
-110.112269	
-208.220890	
-208.595080	
-208.954221	

-107.006293	
-107.653704	
-108.245584	
-108.320719	
-108.324801	
-108.434730	
-108.686779	
-108.690155	
-212.982587	
-310.823684	

-209.803527	
-306.391377	
-307.726898	
-307.755951	
-307.794235	
-307.914362	
-308.148679	
-308.162933	
-308.286502	
-512.282112	

-107.193943	
-108.177612	
-109.612603	
-109.799357	
-113.012321	
-207.973295	
-209.518049	
-210.164743	
-211.108560	
-311.894556	

-208.014081	
-209.837518	
-306.675188	
-308.282974	
-308.980401	
-309.271282	
-309.272115	
-309.532949	
-310.697736	
-311.766438	

-110.886331	
-206.548491	
-206.979219	
-207.870818	
-207.970210	
-208.869665	
-208.891013	
-209.196412	
-308.093044	
-308.226468	

-111.166322	
-206.241075	
-206.539785	
-207.566822	
-207.657364	
-208.407458	
-208.761191	
-208.880358	
-209.131598	
-307.858484	

-206.686216	
-207.927462	
-208.761297	
-208.882926	
-208.954148	
-209.186458	
-209.447487	
-209.541747	
-209.619428	
-408.653357	

-206.433679	
-207.801110	
-208.525725	
-208.533299	
-208.571314	
-208.884014	
-208.971727	
-209.005778	
-209.212815	
-209.483910	

-111.254462	
-206.688781	
-207.501420	
-208.135194	
-208.287367	
-208.887047	
-209.108352	
-209.393955	
-210.546401	
-308.175238	

-112.340300	
-206.349579	
-206.985338	
-207.787399	
-207.903134	
-208.006109	
-208.466815	
-208.618152	
-208.923482	
-308.064227	

-206.911162	
-207.565549	
-209.063416	
-209.091565	
-209.449286	
-209.893459	
-210.101889	
-210.737298	
-309.013446	
-408.589027	

-206.618297	
-207.394746	
-208.450943	
-208.728498	
-209.142020	
-209.221755	
-209.354037	
-209.970255	
-210.677620	
-308.998312	

-208.130850	
-208.269307	
-208.379674	
-208.702227	
-209.101975	
-209.688776	
-210.606337	
-507.755891	
-508.822666	
-607.695612	

-207.483852	
-208.356476	
-208.486444	
-208.570105	
-208.811621	
-208.930689	
-408.988575	
-507.225174	
-508.202565	
-607.293001	

-109.335492	
-208.877237	
-208.901078	
-209.743266	
-309.447277	
-311.919606	
-312.431592	
-407.624333	
-409.017729	
-509.487948	

-208.238600	
-208.340687	
-209.910973	
-309.249304	
-311.623155	
-312.255047	
-407.192557	
-408.575783	
-408.805185	
-408.811687	

-111.639195	
-111.925973	
-112.197616	
-112.428252	
-112.791397	
-112.813706	
-113.118725	
-113.348920	
-211.659608	
-211.971126	

-111.767345	
-112.118281	
-112.413505	
-112.482427	
-112.870956	
-113.441205	
-113.542764	
-113.756994	
-211.699859	
-212.035102	

-111.284426	
-111.525505	
-112.363088	
-112.524827	
-113.038948	
-113.502053	
-113.574547	
-113.995323	
-212.048249	
-212.524006	

-112.748642	
-112.855323	
-113.411045	
-113.840653	
-113.917515	
-114.516500	
-114.716291	
-114.778049	
-212.786527	
-213.389959	

-108.734187	
-108.934817	
-109.002764	
-109.073774	
-109.299547	
-109.783678	
-110.687825	
-110.835412	
-111.294779	
-111.564967	

-108.734187	
-108.934817	
-109.002764	
-109.073774	
-109.299547	
-109.783678	
-110.687825	
-110.835412	
-111.294779	
-111.564967	

-110.072944	
-111.191487	
-111.196107	
-111.239986	
-111.317692	
-111.345542	
-111.532425	
-111.658923	
-211.239723	
-311.697040	

-109.418262	
-109.650668	
-109.789397	
-109.827391	
-110.439690	
-110.737371	
-111.340976	
-111.631792	
-210.384810	
-211.334521	

-110.947929	
-111.055270	
-112.461082	
-113.131731	
-114.061587	
-117.858450	
-211.344043	
-211.893196	
-212.574322	
-212.918386	

-108.567783	
-110.333640	
-110.896684	
-210.076498	
-210.563506	
-210.646682	
-210.764263	
-210.800955	
-211.073308	
-212.748795	

-110.264255	
-110.299718	
-110.454174	
-110.483852	
-110.504122	
-110.600814	
-210.441108	
-210.876706	
-211.030909	
-211.118924	

-109.292872	
-109.315474	
-109.361305	
-111.200703	
-113.924526	
-210.692194	
-211.261003	
-211.299898	
-211.591362	
-211.814115	

-111.890576	
-112.188317	
-112.448483	
-113.140335	
-113.819350	
-114.658404	
-211.148672	
-211.808753	
-212.664444	
-213.317069	

-109.631413	
-109.974656	
-110.477448	
-110.593276	
-110.731229	
-111.850859	
-112.005219	
-112.310630	
-210.722605	
-211.013670	

-110.287027	
-110.696899	
-110.809797	
-110.907070	
-111.015270	
-111.228418	
-111.231377	
-113.056300	
-210.848528	
-211.148302	

-110.354904	
-110.729951	
-111.267254	
-112.419246	
-112.520236	
-112.623664	
-112.916284	
-113.043330	
-211.311736	
-211.674124	

-111.175854	
-111.454118	
-111.538404	
-111.922615	
-112.054234	
-112.206018	
-114.291582	
-114.763410	
-212.130486	
-212.523458	

-10.053790	
-10.054426	
-11.160249	
-12.475863	
-12.507972	
-12.657942	
-12.813044	
-13.555665	
-14.065662	
-112.388663	

-8.315868	
-10.090645	
-10.149663	
-10.211646	
-10.820528	
-10.927254	
-10.928972	
-11.021318	
-11.468097	
-11.762906	

-9.063180	
-9.378752	
-9.443215	
-9.490115	
-9.630771	
-10.148500	
-10.241031	
-11.295066	
-11.475184	
-207.991531	

-10.911197	
-11.234341	
-11.602573	
-12.008381	
-12.270218	
-12.317167	
-12.475534	
-12.495652	
-12.546554	
-13.090986	

-11.396138	
-13.335195	
-13.341024	
-13.921142	
-14.353461	
-15.122277	
-208.956609	
-209.371474	
-307.401505	
-308.106258	

-9.020795	
-9.428703	
-9.431921	
-11.293279	
-11.324991	
-11.417116	
-11.492045	
-11.495654	
-11.530161	
-11.724772	

-11.749912	
-11.797175	
-11.876039	
-12.411443	
-12.637834	
-13.346108	
-13.641134	
-110.935921	
-111.320350	
-112.028102	

-11.708528	
-12.482929	
-13.154535	
-13.250220	
-13.285453	
-13.525462	
-13.604263	
-13.800859	
-14.237900	
-14.303132	

-11.214923	
-12.585315	
-12.822688	
-13.010743	
-13.378617	
-13.607427	
-13.685874	
-13.782033	
-112.230259	
-114.828250	

-9.431226	
-9.489946	
-10.110641	
-10.752466	
-11.178091	
-11.215062	
-11.237240	
-11.368196	
-11.871496	
-112.126168	

-9.489530	
-9.744113	
-9.816862	
-10.362485	
-11.490856	
-12.464951	
-12.678166	
-110.274842	
-112.356061	
-112.773938	

-9.838374	
-10.532775	
-10.669219	
-10.920135	
-11.695766	
-12.121316	
-12.299347	
-12.498168	
-12.648687	
-211.588223	

-11.002453	
-11.049431	
-13.056692	
-13.112877	
-13.145707	
-13.153390	
-13.254257	
-13.379326	
-13.379491	
-15.291519	

-107.991503	
-108.818602	
-109.020625	
-109.026792	
-109.262740	
-109.470149	
-109.727201	
-109.786112	
-110.081287	
-209.918302	

-7.571778	
-7.801215	
-7.805161	
-7.954924	
-9.663801	
-10.105024	
-10.388319	
-10.678516	
-10.706294	
-11.079348	

-9.349148	
-9.841435	
-105.792891	
-106.777954	
-107.216920	
-107.591006	
-107.678342	
-107.876144	
-108.858642	
-207.189346	

-13.214252	
-105.608182	
-106.563576	
-106.705752	
-107.345789	
-107.492138	
-107.656628	
-108.178570	
-108.652967	
-207.074221	

-11.143314	
-11.343038	
-11.604041	
-12.205197	
-12.325351	
-13.669177	
-110.722572	
-111.490076	
-111.494105	
-112.239132	

-12.146269	
-12.246084	
-12.293015	
-13.222171	
-14.041461	
-14.097344	
-15.755817	
-112.110201	
-113.566998	
-114.377295	

-11.958557	
-12.000052	
-12.136340	
-12.244846	
-12.810042	
-12.863666	
-13.027411	
-13.582641	
-13.800885	
-111.360977	

-12.220833	
-12.494939	
-13.472006	
-13.696569	
-112.400841	
-112.606935	
-112.766148	
-112.887107	
-113.719833	
-213.923233	

-13.242302	
-14.611416	
-112.134368	
-112.599307	
-112.934401	
-113.211450	
-211.098747	
-211.474448	
-311.336325	
-311.900503	

-11.229380	
-11.659953	
-11.717777	
-12.160358	
-12.222829	
-12.838015	
-113.790508	
-114.764175	
-212.420422	
-213.450313	

-13.081663	
-13.262340	
-13.347203	
-13.747578	
-13.751279	
-14.050134	
-14.119697	
-111.914782	
-112.373761	
-113.076496	

-18.617423	
-113.869248	
-114.172579	
-114.295566	
-114.614828	
-214.241495	
-215.034437	
-215.553249	
-315.361964	
-408.481310	

-11.271192	
-109.635628	
-110.486429	
-110.540407	
-111.010825	
-111.082018	
-112.268880	
-112.838215	
-113.530271	
-210.987903	

-109.913304	
-111.359909	
-111.420364	
-112.816414	
-211.349679	
-212.094865	
-212.431191	
-213.178499	
-214.863112	
-314.716533	

-10.851994	
-13.666587	
-110.869686	
-111.080465	
-111.777430	
-111.823615	
-111.904731	
-112.658393	
-113.056398	
-213.592244	

-111.491642	
-113.173618	
-211.520415	
-211.730842	
-212.019081	
-212.701772	
-212.931108	
-213.247485	
-213.548661	
-214.076046	

-9.913453	
-11.177395	
-12.400359	
-12.615171	
-12.773638	
-12.911415	
-110.345225	
-110.434453	
-110.636099	
-111.017955	

-10.178455	
-11.073382	
-11.460446	
-11.661753	
-11.979164	
-12.182522	
-12.568590	
-111.942093	
-112.137850	
-112.398570	

-10.989959	
-11.791672	
-12.858198	
-13.012530	
-110.705670	
-110.856479	
-111.042097	
-111.799248	
-112.703836	
-313.362572	

-14.135893	
-111.634795	
-111.800901	
-111.818708	
-112.095300	
-112.231601	
-112.748038	
-113.315761	
-113.799612	
-213.037834	

-10.731301	
-11.767550	
-11.862585	
-12.032832	
-12.132353	
-12.308375	
-12.438842	
-12.466119	
-12.998538	
-13.617924	

-12.003734	
-12.821428	
-12.904977	
-12.935633	
-13.201593	
-13.921993	
-14.335625	
-14.849004	
-15.057788	
-214.441374	

-11.251944	
-12.539951	
-12.655003	
-12.953183	
-13.019947	
-13.150432	
-13.299914	
-13.458985	
-14.087031	
-14.311759	

-13.277708	
-13.310219	
-14.260593	
-14.288808	
-14.656905	
-15.175867	
-113.358266	
-113.412371	
-113.788491	
-114.664076	

-113.632497	
-114.386700	
-115.124096	
-115.550621	
-116.377429	
-211.941409	
-212.288477	
-212.736214	
-212.894365	
-214.949381	

-13.026641	
-112.334034	
-112.384361	
-113.036780	
-113.367828	
-114.283854	
-114.815029	
-114.852321	
-313.125262	
-413.589683	

-13.767205	
-14.420849	
-14.480350	
-15.383919	
-15.790357	
-112.178646	
-112.786747	
-112.906388	
-114.397284	
-215.431098	

-13.644277	
-14.487823	
-15.232011	
-15.542078	
-15.694541	
-15.712860	
-15.899088	
-112.770093	
-114.203209	
-114.594786	

-12.977262	
-13.891946	
-13.979260	
-14.324530	
-113.539193	
-114.555087	
-114.664809	
-114.671028	
-115.478326	
-115.856015	

-12.593226	
-12.597708	
-13.415325	
-13.553125	
-14.206109	
-14.225682	
-14.393482	
-14.554955	
-112.798207	
-116.045892	

-13.939166	
-14.071050	
-14.587506	
-14.774616	
-14.820904	
-14.970544	
-15.375906	
-113.039767	
-113.396780	
-114.130639	

-13.939166	
-14.071050	
-14.587506	
-14.774616	
-14.820904	
-14.970544	
-15.375906	
-113.039767	
-113.396780	
-114.130639	

-13.201986	
-13.790603	
-14.402651	
-14.617888	
-14.674902	
-14.875346	
-15.248462	
-113.950595	
-115.020824	
-115.450127	

-9.052660	
-9.543448	
-10.832384	
-10.832671	
-10.881969	
-11.006339	
-11.154232	
-11.868010	
-111.008984	
-111.376067	

-9.516120	
-10.288273	
-11.094320	
-11.181342	
-11.269922	
-12.019463	
-12.250615	
-12.514068	
-111.196063	
-112.890445	

-110.221824	
-110.300367	
-110.331739	
-110.539305	
-110.557860	
-110.695898	
-111.451148	
-111.754371	
-112.156783	
-211.014506	

-17.078683	
-113.914472	
-114.531624	
-114.807708	
-114.987111	
-115.992821	
-116.250247	
-214.508920	
-215.502183	
-408.730198	

-10.321193	
-10.824849	
-11.078401	
-11.651303	
-11.841325	
-12.821562	
-12.984219	
-13.059061	
-13.984420	
-111.454794	

-11.227701	
-12.254419	
-12.260062	
-13.268382	
-13.682714	
-14.153165	
-15.575316	
-111.621033	
-111.628612	
-114.061194	

-10.862837	
-11.603430	
-12.485706	
-12.876721	
-111.805224	
-112.354982	
-112.653439	
-113.345016	
-113.497895	
-114.336901	

-12.412150	
-12.922347	
-12.965425	
-12.999823	
-14.897246	
-18.783906	
-111.647100	
-112.239684	
-112.391769	
-112.756420	

-13.387922	
-14.002909	
-15.483651	
-15.637192	
-16.232196	
-16.872169	
-114.216683	
-114.335139	
-114.580094	
-115.534782	

-13.721058	
-15.139097	
-15.257812	
-15.619364	
-16.156047	
-113.959694	
-114.515349	
-114.979866	
-115.309904	
-116.246652	

-14.438597	
-14.526574	
-14.631683	
-14.821815	
-15.283375	
-15.452584	
-16.897698	
-114.680149	
-114.787482	
-115.278894	

-17.916219	
-18.652467	
-114.894915	
-115.454029	
-116.312232	
-116.461237	
-215.581132	
-216.580597	
-408.282213	
-408.741539	

-13.196582	
-13.600055	
-13.627209	
-14.963666	
-112.065834	
-112.207020	
-112.850568	
-112.913288	
-113.550709	
-113.809169	

-13.753187	
-13.899224	
-14.039212	
-14.049339	
-14.243582	
-14.798378	
-15.148853	
-113.219443	
-113.800857	
-213.274240	

-14.143693	
-14.424235	
-14.587250	
-112.856883	
-113.644307	
-114.055402	
-114.244599	
-114.267044	
-114.288313	
-114.290842	

-16.379313	
-17.817103	
-17.819788	
-114.118398	
-114.277878	
-114.523337	
-115.450944	
-215.524234	
-408.166009	
-408.646495	

-13.609896	
-114.480251	
-212.245087	
-212.918237	
-213.183076	
-213.400410	
-213.573493	
-312.595717	
-313.329470	
-313.690250	

-13.881079	
-113.180631	
-113.434727	
-114.923209	
-213.117108	
-216.033579	
-312.509081	
-313.580479	
-314.163964	
-412.022917	

-108.940319	
-109.177809	
-109.753995	
-109.852874	
-110.045339	
-110.138610	
-110.151624	
-110.278177	
-209.282487	
-209.348902	

-109.463043	
-109.649370	
-109.791042	
-109.861536	
-110.049047	
-110.059031	
-110.112657	
-110.596516	
-111.011349	
-210.109040	

-108.242745	
-108.318213	
-108.444591	
-108.508714	
-108.514949	
-108.537164	
-108.558469	
-108.672110	
-108.689722	
-108.916629	

-110.185403	
-110.252544	
-110.574681	
-110.574738	
-110.609740	
-110.839061	
-111.129157	
-111.257978	
-111.464593	
-111.942393	

-109.506057	
-109.591002	
-109.685936	
-110.093449	
-110.171936	
-110.510156	
-110.914744	
-209.351342	
-406.989243	
-407.829429	

-108.318396	
-108.561405	
-108.726203	
-108.851155	
-108.855673	
-109.150297	
-109.417890	
-109.533208	
-109.995614	
-207.941924	

-108.761514	
-109.254418	
-109.299126	
-109.387031	
-109.473494	
-109.635307	
-109.691798	
-110.065176	
-209.901859	
-209.916518	

-109.142863	
-109.194828	
-109.365286	
-109.601001	
-109.785447	
-109.918214	
-110.084333	
-208.647213	
-308.330780	
-308.405611	

-108.950724	
-109.820846	
-109.952378	
-110.115842	
-110.391116	
-110.537499	
-110.613554	
-110.887458	
-209.127569	
-407.944008	

-109.002363	
-109.384974	
-109.388335	
-109.605051	
-110.227048	
-110.475602	
-110.741725	
-110.937690	
-110.957703	
-111.138668	

-109.336769	
-109.366829	
-109.475353	
-109.532111	
-109.679495	
-109.829377	
-109.880301	
-109.949683	
-110.087783	
-110.490591	

-109.393046	
-110.023094	
-110.064431	
-110.531332	
-110.565376	
-110.660973	
-110.877388	
-110.959845	
-111.231263	
-111.290767	

-109.787092	
-109.789220	
-110.159186	
-110.309095	
-110.441664	
-110.749433	
-110.861540	
-110.929232	
-111.101674	
-111.838480	

-108.480733	
-207.328785	
-208.021235	
-208.186795	
-208.560498	
-208.832885	
-208.908920	
-208.956145	
-209.535092	
-209.839009	

-106.870809	
-106.944530	
-206.458520	
-206.858993	
-206.909911	
-207.323455	
-207.589531	
-207.677776	
-208.065121	
-208.297501	

-205.444592	
-206.092763	
-206.294021	
-206.687186	
-206.824331	
-207.108903	
-207.116017	
-207.132095	
-207.585229	
-208.037235	

-205.348476	
-205.981959	
-206.207949	
-206.739660	
-206.754862	
-207.005434	
-207.009141	
-207.012197	
-207.521286	
-207.701248	

-13.214252	
-105.608182	
-106.563576	
-106.705752	
-107.345789	
-107.492138	
-107.656628	
-108.178570	
-108.652967	
-207.074221	

-107.296359	
-107.342610	
-107.511761	
-107.515017	
-107.858856	
-108.068545	
-108.596469	
-108.916986	
-108.918625	
-109.284154	

-107.429791	
-107.603362	
-107.641174	
-107.726612	
-107.856706	
-108.275421	
-108.393590	
-108.588169	
-108.633490	
-108.649195	

-6.997522	
-7.080381	
-7.875554	
-7.949496	
-8.186841	
-8.289810	
-8.841171	
-8.870509	
-8.918938	
-8.928582	

-206.918950	
-207.074001	
-207.735073	
-207.876154	
-207.895880	
-208.087816	
-208.587582	
-208.693204	
-208.743854	
-213.063561	

-107.337369	
-108.314936	
-108.422820	
-108.671165	
-108.674885	
-109.240398	
-109.247439	
-109.359756	
-209.179054	
-209.231902	

-107.653007	
-108.343119	
-108.669508	
-109.093183	
-109.137878	
-109.463977	
-109.610955	
-109.746240	
-109.750539	
-209.890871	

-6.868267	
-8.599057	
-9.059862	
-9.353782	
-10.012513	
-106.271423	
-107.135763	
-107.579194	
-107.901716	
-108.185082	

-106.051268	
-106.937945	
-107.028804	
-107.673911	
-107.745216	
-107.830997	
-108.516620	
-112.502645	
-206.669071	
-208.612885	

-106.884978	
-107.545974	
-107.774049	
-107.944203	
-108.066611	
-108.247052	
-108.418725	
-108.419712	
-108.589041	
-207.896756	

-106.969602	
-107.868495	
-107.911475	
-108.250834	
-108.433216	
-108.512536	
-108.581060	
-108.946827	
-109.110752	
-109.414621	

-108.105476	
-108.830692	
-109.109151	
-109.272693	
-109.333162	
-109.458328	
-109.676662	
-109.842833	
-109.907962	
-110.178941	

-9.818132	
-10.167114	
-10.932432	
-11.011975	
-11.102915	
-11.210377	
-11.220708	
-11.470066	
-11.501703	
-11.596512	

-8.136439	
-8.917815	
-10.555577	
-10.827898	
-11.384271	
-11.956271	
-13.709851	
-109.348633	
-110.389240	
-113.034326	

-7.912741	
-8.569209	
-8.737364	
-8.882708	
-8.952787	
-9.314321	
-9.720498	
-10.001453	
-10.619926	
-11.723585	

-9.114693	
-9.176688	
-9.263249	
-9.377126	
-9.390904	
-9.410067	
-12.057729	
-12.148445	
-12.784625	
-111.507258	

-8.563408	
-9.101372	
-9.382919	
-9.401335	
-9.570064	
-9.852570	
-10.426322	
-10.550350	
-10.743756	
-108.510707	

-9.961801	
-10.017243	
-11.537780	
-12.123838	
-12.265200	
-12.309098	
-12.329532	
-12.398977	
-12.886571	
-12.986144	

-9.441473	
-9.746563	
-9.836942	
-10.159763	
-10.196127	
-10.386369	
-10.400240	
-10.521184	
-10.698559	
-10.774781	

-8.820759	
-8.849981	
-9.335246	
-9.535771	
-9.783759	
-9.898971	
-10.255696	
-11.243504	
-112.173351	
-207.824416	

-9.940282	
-10.195280	
-10.461300	
-10.733673	
-11.142613	
-11.467434	
-11.588998	
-11.819672	
-11.892628	
-12.277555	

-205.348476	
-205.981959	
-206.207949	
-206.739660	
-206.754862	
-207.005434	
-207.009141	
-207.012197	
-207.521286	
-207.701248	

-207.126310	
-207.323683	
-207.490859	
-207.532987	
-207.656412	
-207.817100	
-207.847877	
-208.272473	
-306.790105	
-307.487179	

-106.755606	
-207.106358	
-207.357082	
-207.390068	
-207.412965	
-207.432770	
-207.678301	
-207.792955	
-208.006966	
-307.365039	

-107.035350	
-107.483019	
-107.498101	
-107.520677	
-107.736076	
-107.818066	
-108.146923	
-108.182024	
-109.708850	
-109.804720	

-107.982101	
-306.245604	
-306.912956	
-307.139797	
-307.365851	
-307.681391	
-307.840700	
-307.895649	
-307.919039	
-308.647647	

-109.320746	
-207.017580	
-207.702693	
-208.447888	
-208.629796	
-208.740807	
-209.189854	
-209.401415	
-209.495012	
-408.233599	

-108.797976	
-206.700353	
-207.839239	
-208.294269	
-208.467919	
-208.626937	
-208.741617	
-208.755798	
-208.794488	
-309.303543	

-107.726765	
-206.200344	
-206.216682	
-206.808051	
-207.228961	
-207.946398	
-208.038796	
-208.081921	
-208.132787	
-208.219665	

-205.825941	
-205.845215	
-206.457019	
-206.835458	
-206.988710	
-207.781025	
-207.781347	
-207.801736	
-207.868340	
-207.932085	

-207.158416	
-207.910314	
-207.929088	
-208.172413	
-208.433983	
-306.695427	
-306.829333	
-307.017888	
-307.473326	
-308.976025	

-106.425795	
-207.105075	
-207.764158	
-207.773339	
-208.241768	
-208.464183	
-208.591848	
-306.753353	
-306.773163	
-307.293176	

-207.976917	
-209.048590	
-209.228708	
-209.272881	
-209.423077	
-209.524091	
-209.699334	
-307.733006	
-308.844083	
-309.384138	

-109.034849	
-110.034896	
-110.144021	
-110.217204	
-110.307368	
-111.113141	
-209.845362	
-209.923615	
-210.208060	
-210.238186	

-107.533394	
-107.685711	
-107.731680	
-108.068252	
-108.486540	
-109.147705	
-109.260528	
-109.736058	
-109.928933	
-207.620525	

-107.596524	
-108.142849	
-108.261447	
-108.482490	
-108.725928	
-108.948790	
-109.295487	
-208.465903	
-208.490769	
-307.567550	

-108.387676	
-108.701903	
-108.954511	
-109.046942	
-109.056995	
-109.317638	
-109.403893	
-109.452247	
-109.531661	
-208.327455	

-108.375074	
-108.399757	
-108.726232	
-108.971604	
-109.276617	
-109.496969	
-109.583036	
-109.811979	
-207.426910	
-207.701453	

-108.806829	
-109.417077	
-109.499951	
-109.714738	
-109.885008	
-109.885119	
-109.981273	
-207.799233	
-208.110896	
-209.271685	

-108.994110	
-109.371314	
-109.445021	
-109.483591	
-109.577283	
-109.773091	
-109.924895	
-110.131853	
-110.208639	
-110.303585	

-108.181752	
-108.367602	
-108.401643	
-108.409277	
-108.501354	
-108.522468	
-108.565558	
-108.758808	
-108.933447	
-109.560634	

-109.143609	
-109.625893	
-109.932085	
-109.935179	
-110.132409	
-110.508359	
-110.518230	
-110.743670	
-110.954333	
-111.041813	

-9.940282	
-10.195280	
-10.461300	
-10.733673	
-11.142613	
-11.467434	
-11.588998	
-11.819672	
-11.892628	
-12.277555	

-11.666503	
-11.796925	
-12.385864	
-13.671567	
-14.206463	
-14.392390	
-208.815999	
-209.267329	
-307.319180	
-307.800121	

-8.395323	
-8.533393	
-8.985688	
-9.124009	
-9.205126	
-9.720125	
-9.720615	
-10.281610	
-12.010392	
-112.177268	

-8.551562	
-8.867254	
-8.997127	
-9.357343	
-9.905138	
-11.952873	
-12.063397	
-111.479421	
-212.162243	
-212.544367	

-8.833254	
-9.559647	
-9.766187	
-9.826564	
-10.074201	
-10.615054	
-12.767802	
-108.354917	
-109.289948	
-109.736025	

-11.472020	
-109.499368	
-110.372756	
-110.986531	
-111.222698	
-111.248399	
-112.041095	
-112.854495	
-113.249150	
-113.659268	

-10.282694	
-10.286313	
-10.741937	
-10.849023	
-11.313070	
-11.408674	
-11.516296	
-12.039535	
-12.203413	
-12.210825	

-10.351665	
-11.404849	
-11.414298	
-12.290080	
-12.307887	
-12.679058	
-12.906189	
-12.946259	
-13.137856	
-111.611467	

-9.977363	
-208.083824	
-210.003779	
-210.066080	
-210.149071	
-210.216425	
-211.223841	
-211.280651	
-211.460262	
-211.892129	

-9.861991	
-9.938549	
-11.107797	
-11.225013	
-11.507129	
-12.264882	
-12.366705	
-12.731975	
-12.928256	
-13.010894	

-10.658977	
-10.659927	
-10.902844	
-10.934903	
-10.963121	
-11.360982	
-12.579410	
-12.584963	
-111.537618	
-209.851037	

-9.641792	
-9.799368	
-9.982221	
-10.217824	
-10.306253	
-10.814895	
-11.863053	
-11.939175	
-12.601196	
-207.911097	

-11.212098	
-11.348663	
-11.652085	
-11.926086	
-12.184546	
-12.260092	
-12.423191	
-12.612394	
-12.826591	
-112.217242	

-11.477890	
-11.821639	
-12.360306	
-12.779589	
-13.061792	
-209.423663	
-209.517107	
-307.202942	
-307.997551	
-309.621448	

-11.585922	
-11.683100	
-11.826559	
-11.966780	
-12.103791	
-12.127183	
-12.915492	
-110.127693	
-111.646010	
-112.283647	

-11.645388	
-110.682484	
-111.200299	
-111.708220	
-111.723683	
-111.804225	
-111.874787	
-112.261366	
-112.580536	
-113.398278	

-11.806016	
-12.252928	
-12.782299	
-13.034797	
-13.686244	
-13.910827	
-111.705294	
-113.364291	
-113.809349	
-114.826967	

-111.518145	
-112.002333	
-112.029032	
-112.380292	
-112.477593	
-112.509401	
-112.855603	
-112.938228	
-113.218233	
-113.851132	

-13.881079	
-113.180631	
-113.434727	
-114.923209	
-213.117108	
-216.033579	
-312.509081	
-313.580479	
-314.163964	
-412.022917	

-111.871465	
-112.522881	
-112.795788	
-113.167129	
-113.180957	
-113.456350	
-113.880135	
-114.551263	
-211.591236	
-214.496303	

-113.571419	
-114.170837	
-114.253483	
-114.330662	
-114.648287	
-116.915987	
-215.121203	
-215.474811	
-314.667412	
-409.431944	

-11.976863	
-12.177287	
-13.172940	
-13.314564	
-13.516285	
-13.787247	
-13.938041	
-14.053934	
-14.451300	
-14.504618	

-9.994997	
-10.171491	
-10.292145	
-12.199981	
-12.314260	
-12.456760	
-12.515893	
-12.708347	
-14.695141	
-112.272763	

-10.008366	
-10.758322	
-11.253029	
-11.971962	
-12.395885	
-12.471355	
-12.577517	
-12.607438	
-12.997279	
-211.975352	

-10.746305	
-10.767761	
-12.632184	
-12.947160	
-12.972773	
-13.206935	
-13.292773	
-13.302671	
-13.456505	
-15.558451	

-14.010657	
-15.875559	
-16.281353	
-112.464293	
-113.883208	
-116.951190	
-117.159279	
-117.805405	
-119.353217	
-215.101073	

-15.756221	
-15.851430	
-16.132745	
-16.214778	
-17.578141	
-17.828868	
-18.709851	
-117.249728	
-215.420366	
-316.427915	

-14.682114	
-14.766701	
-16.400669	
-17.117012	
-112.767497	
-113.438853	
-114.682620	
-115.207181	
-115.856457	
-116.009554	

-15.309733	
-15.382765	
-17.129635	
-17.825391	
-18.147874	
-113.654727	
-114.084992	
-115.435848	
-117.000876	
-117.609241	

-12.296985	
-12.535291	
-12.835679	
-13.809635	
-14.021837	
-14.161179	
-14.384362	
-111.171757	
-112.022214	
-112.217745	

-12.721569	
-12.729669	
-14.065972	
-14.225588	
-14.912102	
-15.198339	
-15.737924	
-114.175671	
-114.620051	
-116.083197	

-13.205279	
-111.916391	
-112.516774	
-112.824890	
-112.974361	
-113.247097	
-113.634194	
-114.393100	
-114.568982	
-114.898299	

-13.417473	
-13.835311	
-15.321967	
-15.330711	
-15.967027	
-113.480437	
-113.585058	
-114.392008	
-114.734885	
-214.470985	

-109.143609	
-109.625893	
-109.932085	
-109.935179	
-110.132409	
-110.508359	
-110.518230	
-110.743670	
-110.954333	
-111.041813	

-109.526485	
-109.565489	
-109.699340	
-110.041757	
-110.376862	
-110.396600	
-110.896317	
-111.070732	
-111.337994	
-406.946221	

-108.179693	
-108.214108	
-108.444037	
-108.554238	
-108.696839	
-108.783657	
-108.983582	
-109.050167	
-109.052244	
-207.509538	

-108.119989	
-108.548716	
-108.794303	
-108.832828	
-109.063416	
-109.081283	
-109.323596	
-109.766395	
-208.372926	
-209.670659	

-108.646612	
-108.708270	
-108.791559	
-109.098327	
-109.305266	
-109.412663	
-110.097236	
-207.688126	
-207.920815	
-307.746002	

-108.952568	
-109.574663	
-109.869504	
-110.327613	
-207.762718	
-208.185846	
-209.197062	
-209.278524	
-307.524813	
-307.913993	

-109.643561	
-109.701702	
-110.284542	
-110.470759	
-110.619170	
-110.842072	
-110.884820	
-110.950064	
-111.168572	
-111.918131	

-108.861817	
-109.657889	
-109.801585	
-109.905760	
-110.122716	
-110.502282	
-110.505266	
-110.681994	
-110.747451	
-110.945656	

-107.404444	
-110.057259	
-207.603978	
-208.629293	
-307.359910	
-307.715970	
-307.914077	
-308.360611	
-308.835529	
-309.997720	

-108.844337	
-108.859307	
-109.205911	
-109.478471	
-109.647613	
-109.758154	
-110.026208	
-110.055972	
-110.191622	
-110.252144	

-108.019339	
-108.354539	
-109.980099	
-110.090002	
-110.119655	
-110.247534	
-110.335041	
-110.343767	
-110.359355	
-110.943931	

-108.198181	
-108.549442	
-108.551032	
-108.793384	
-108.921910	
-108.951230	
-109.026086	
-109.080766	
-109.892223	
-110.127713	

-108.312066	
-108.932946	
-109.476846	
-110.120081	
-110.205975	
-110.584681	
-110.590749	
-110.680702	
-111.345509	
-408.262667	

-109.504537	
-109.732510	
-109.815123	
-110.364024	
-110.367989	
-110.414309	
-111.396492	
-111.446660	
-207.339105	
-407.078054	

-108.868650	
-109.090905	
-109.201720	
-109.457871	
-109.517112	
-109.745161	
-109.779697	
-109.787633	
-110.119041	
-208.906435	

-109.237202	
-109.364801	
-109.537628	
-109.792656	
-109.876555	
-110.094225	
-110.137559	
-110.246749	
-209.034966	
-210.169480	

-109.250025	
-109.766356	
-109.793865	
-110.338427	
-110.586533	
-111.002304	
-209.495140	
-209.567345	
-209.963976	
-308.764373	

-108.799453	
-109.853309	
-110.042738	
-110.223838	
-110.430459	
-110.460416	
-111.191381	
-209.715218	
-209.805693	
-210.203496	

-209.056901	
-209.292951	
-209.440493	
-209.489323	
-210.301551	
-210.758300	
-210.763758	
-210.795222	
-211.046750	
-211.275152	

-209.591545	
-209.733593	
-209.877522	
-209.902517	
-209.933086	
-210.099337	
-210.204834	
-210.312197	
-210.372210	
-210.702543	

-109.165416	
-109.666775	
-109.938046	
-110.402812	
-110.426778	
-110.855465	
-110.856210	
-110.949758	
-111.156659	
-111.356772	

-109.650868	
-109.660407	
-110.053557	
-110.307021	
-110.609131	
-110.731923	
-110.774090	
-111.064254	
-111.085915	
-111.320295	

-3.452460	
-3.616428	
-4.136902	
-4.814656	
-4.851315	
-5.021221	
-5.047888	
-5.263362	
-5.376523	
-105.101239	

-4.635374	
-5.068586	
-5.140163	
-5.161104	
-5.173882	
-5.433814	
-5.453937	
-5.512928	
-5.546111	
-104.981461	

-8.327858	
-8.749130	
-8.979072	
-9.093259	
-9.282504	
-9.310562	
-9.688959	
-107.571551	
-108.037092	
-207.046243	

-5.699470	
-6.100141	
-6.175165	
-6.560713	
-7.438904	
-7.647804	
-8.195836	
-9.118964	
-9.119176	
-106.899995	

-5.231001	
-6.130962	
-6.176643	
-6.178749	
-6.447070	
-7.095331	
-7.359500	
-7.614017	
-8.625141	
-8.804352	

-6.503545	
-6.648268	
-7.015237	
-7.061368	
-7.402646	
-9.292489	
-9.463551	
-9.727800	
-106.774938	
-107.943072	

-5.820327	
-6.007662	
-6.133437	
-6.749928	
-6.858710	
-7.772706	
-7.843349	
-8.238946	
-8.397102	
-8.558127	

-5.978238	
-6.745208	
-7.081937	
-9.087541	
-105.762813	
-106.422469	
-108.726287	
-108.958324	
-109.715157	
-208.650371	

-4.649736	
-5.634087	
-5.783427	
-5.971348	
-6.630855	
-6.722963	
-6.773741	
-6.928046	
-7.318441	
-7.586258	

-6.591370	
-6.997280	
-7.154394	
-7.492697	
-7.727969	
-7.983579	
-9.446947	
-9.578895	
-108.829941	
-109.052181	

-8.508477	
-9.015833	
-9.393636	
-9.551794	
-9.602977	
-107.641606	
-107.954742	
-108.230608	
-206.849598	
-207.475389	

-106.384735	
-106.493792	
-106.600037	
-106.723495	
-106.850349	
-107.578387	
-107.842138	
-109.006358	
-109.666745	
-306.775312	

-105.812876	
-105.865967	
-106.327957	
-106.512508	
-106.593922	
-107.210349	
-107.296827	
-107.308847	
-205.882743	
-206.506069	

-104.659013	
-104.795857	
-105.330465	
-106.331988	
-106.346663	
-106.400062	
-106.479503	
-107.012348	
-107.294024	
-206.871593	

-106.466776	
-106.551249	
-107.015152	
-107.048996	
-107.392978	
-108.575149	
-108.801662	
-206.532898	
-206.897425	
-207.012595	

-105.379691	
-105.727742	
-105.871808	
-105.974301	
-106.185010	
-107.163105	
-107.560042	
-107.678680	
-108.333137	
-108.913437	

-108.416464	
-205.837217	
-205.851004	
-205.980421	
-206.416726	
-206.733755	
-207.216439	
-208.474115	
-306.426808	
-408.373557	

-104.763695	
-104.794364	
-104.975749	
-105.232654	
-106.564030	
-106.573667	
-106.673307	
-106.866996	
-206.547091	
-307.250737	

-106.410114	
-106.652030	
-107.157647	
-107.205366	
-107.299670	
-107.852676	
-206.889216	
-207.138056	
-207.378123	
-207.555792	

-106.085962	
-106.288755	
-106.327825	
-106.544238	
-107.198007	
-107.462825	
-108.191238	
-108.414555	
-207.597706	
-306.784568	

-3.452460	
-3.616428	
-4.136902	
-4.814656	
-4.851315	
-5.021221	
-5.047888	
-5.263362	
-5.376523	
-105.101239	

-3.567031	
-4.352104	
-4.903742	
-5.029949	
-5.211852	
-5.353142	
-5.507364	
-5.984316	
-105.949211	
-106.780419	

-3.452754	
-4.604476	
-4.961914	
-5.340972	
-5.449196	
-5.780932	
-6.546290	
-6.683832	
-104.377466	
-106.310147	

-101.843895	
-103.224327	
-103.461322	
-104.562875	
-104.782052	
-104.875502	
-204.365605	
-204.661295	
-208.320146	
-305.194322	

-4.635374	
-5.068586	
-5.140163	
-5.161104	
-5.173882	
-5.433814	
-5.453937	
-5.512928	
-5.546111	
-104.981461	

-4.550868	
-4.710992	
-5.320237	
-5.907703	
-6.048859	
-6.245540	
-6.666693	
-7.041948	
-7.157908	
-7.176129	

-4.430917	
-4.779582	
-5.193904	
-5.581204	
-5.988505	
-6.218607	
-6.259967	
-6.587909	
-6.774698	
-7.372931	

-2.650445	
-3.563777	
-4.198343	
-4.238352	
-4.313411	
-4.545683	
-4.660636	
-4.901018	
-5.194369	
-103.851884	

