-202.702647	
-202.761433	

-3.616428	
-4.136902	

-104.491994	
-104.859490	

-3.567031	
-4.903742	

-3.567031	
-4.903742	

-3.213762	
-4.539175	

-4.635374	
-5.068586	

-4.956327	
-6.204280	

-4.550868	
-6.048859	

-4.550868	
-6.048859	

-5.950207	
-8.014673	

-6.072412	
-7.978673	

-6.781306	
-9.790866	

-7.673072	
-8.199885	

-6.509991	
-8.541360	

-6.686310	
-6.815027	

-10.645900	
-10.679999	

-107.900386	
-108.732524	

-105.616005	
-105.865990	

-104.836811	
-106.323680	

-106.251893	
-106.968805	

-105.500991	
-105.946044	

-106.700853	
-106.991589	

-105.688321	
-105.768292	

-107.494226	
-108.510486	

-107.122499	
-306.736418	

-4.673362	
-105.472982	

-104.491994	
-104.859490	

-101.843895	
-103.461322	

-4.754706	
-5.782151	

-4.956327	
-6.204280	

-2.650445	
-3.563777	

-3.452754	
-4.604476	

-3.452754	
-4.604476	

-2.976788	
-104.346549	

-2.976788	
-104.346549	

-101.843895	
-103.461322	

-101.843895	
-103.461322	

-4.779582	
-5.988505	

-4.779582	
-5.988505	

-4.153803	
-4.956937	

-4.153803	
-4.956937	

-2.650445	
-3.563777	

-2.650445	
-3.563777	

-101.843895	
-103.461322	

-2.650445	
-3.563777	

-101.843895	
-103.461322	

-101.843895	
-103.461322	

-107.900386	
-108.732524	

-106.490593	
-109.101021	

-5.250605	
-106.943816	

-7.832076	
-7.837291	

-8.836717	
-9.180657	

-8.836717	
-9.180657	

-6.480754	
-108.574319	

-5.099001	
-6.363285	

-10.245155	
-10.450436	

-8.327858	
-9.282504	

-2.650445	
-3.563777	

-2.650445	
-3.563777	

-107.122499	
-306.736418	

-106.980248	
-308.368853	

-105.081696	
-105.154224	

-106.977041	
-108.018978	

-106.651230	
-108.597230	

-106.651230	
-108.597230	

-106.941853	
-108.094464	

-104.937445	
-105.005061	

-107.393132	
-108.178466	

-106.384735	
-106.600037	

-3.841852	
-204.889873	

-4.673362	
-105.472982	

-4.143722	
-5.243303	

-4.754706	
-5.782151	

-107.641606	
-108.585366	

-107.641606	
-108.585366	

-8.497379	
-307.809522	

-5.360144	
-6.751780	

-10.224626	
-10.575663	

-9.096662	
-9.906486	

-106.327825	
-107.462825	

-106.327825	
-107.462825	

-306.326984	
-306.548179	

-104.891116	
-105.069194	

-106.751130	
-107.745428	

-106.132781	
-106.531673	

-3.616428	
-4.136902	

-4.635374	
-5.068586	

-202.702647	
-202.761433	

-3.841852	
-204.889873	

-3.841852	
-204.889873	

-2.976788	
-104.346549	

-3.213762	
-4.539175	

-4.143722	
-5.243303	

-4.143722	
-5.243303	

-4.153803	
-4.956937	

-5.518482	
-6.591640	

-5.720370	
-6.666063	

-5.720370	
-6.666063	

-6.027581	
-6.639480	

-6.923881	
-7.104337	

-5.137958	
-5.804058	

-5.137958	
-5.804058	

-4.946314	
-6.192772	

-6.893252	
-105.791688	

-6.893252	
-105.791688	

-5.500306	
-5.973972	

-5.500306	
-5.973972	

-4.843983	
-6.326627	

-206.349644	
-206.716398	

-107.446397	
-107.534884	

-107.446397	
-107.534884	

-7.418436	
-108.187922	

-7.807381	
-107.044126	

-106.492839	
-107.158357	

-106.492839	
-107.158357	

-6.744482	
-105.867671	

-106.489361	
-106.521934	

-106.489361	
-106.521934	

-106.138955	
-107.254214	

-106.138955	
-107.254214	

-105.657893	
-106.844784	

-112.972052	
-113.221908	

-112.640667	
-113.598640	

-113.405505	
-212.610920	

-114.576038	
-114.717294	

-109.472889	
-109.870451	

-109.634605	
-109.751127	

-109.840187	
-110.791707	

-115.727904	
-115.758760	

-108.813264	
-108.872792	

-110.285743	
-110.453797	

-109.205345	
-109.620488	

-109.608594	
-109.626721	

-206.834736	
-207.100313	

-206.933988	
-207.235886	

-210.028910	
-210.546993	

-111.501200	
-113.731042	

-110.571798	
-111.148079	

-111.777215	
-112.039326	

-110.526126	
-111.299350	

-111.575023	
-210.832960	

-112.578196	
-112.979742	

-112.318463	
-113.008235	

-113.838582	
-114.544583	

-113.952462	
-212.985325	

-210.592655	
-310.755013	

-111.028793	
-112.104360	

-113.972531	
-211.170112	

-112.043751	
-113.080704	

-111.946029	
-310.968195	

-111.606085	
-113.598630	

-112.786702	
-113.507668	

-112.642026	
-113.534240	

-112.505939	
-113.474256	

-112.920700	
-113.206512	

-113.381739	
-113.469148	

-113.639687	
-113.661049	

-113.709883	
-113.846120	

-112.169409	
-112.651713	

-113.855159	
-114.962279	

-114.870602	
-116.472129	

-109.797813	
-111.547297	

-112.392757	
-211.990438	

-115.130904	
-213.006413	

-116.136266	
-214.807459	

-211.250968	
-211.435073	

-111.926389	
-212.125801	

-212.264705	
-212.448005	

-217.589475	
-315.512700	

-111.169190	
-210.178931	

-112.201228	
-113.906261	

-114.674212	
-213.328585	

-113.486653	
-114.693083	

-210.182620	
-211.813976	

-112.283230	
-211.199310	

-313.367935	
-415.284198	

-12.807803	
-13.124512	

-10.185185	
-11.667297	

-10.207167	
-207.871202	

-10.581940	
-11.959151	

-15.229441	
-112.026132	

-9.365675	
-11.953539	

-10.583797	
-11.840023	

-9.262765	
-12.774386	

-113.512496	
-213.036142	

-13.686158	
-13.761377	

-13.217544	
-14.222283	

-12.286988	
-13.242978	

-12.803166	
-14.098835	

-113.718179	
-114.427300	

-13.203182	
-14.947238	

-13.203182	
-14.947238	

-9.907142	
-10.159532	

-8.684562	
-9.251707	

-11.456064	
-11.529764	

-110.154958	
-110.255692	

-213.700120	
-213.722184	

-8.305484	
-108.990458	

-10.886441	
-11.097830	

-109.629308	
-109.670314	

-117.791846	
-217.406067	

-11.784851	
-110.637877	

-111.805014	
-112.259048	

-11.179849	
-11.683840	

-11.923165	
-12.981384	

-11.950862	
-111.453830	

-12.690799	
-12.720597	

-11.873978	
-12.784771	

-12.871850	
-13.839574	

-211.783796	
-214.108434	

-111.992887	
-112.274065	

-16.552205	
-17.412014	

-116.254651	
-116.509178	

-212.874175	
-214.127405	

-111.849569	
-112.441495	

-15.101438	
-211.973456	

-215.594480	
-413.698796	

-110.474814	
-111.434950	

-112.141941	
-114.872307	

-112.338036	
-114.602693	

-213.996034	
-215.709129	

-211.700701	
-310.000340	

-609.574858	
-610.148631	

-109.606908	
-110.222711	

-110.024776	
-110.214234	

-110.588960	
-111.072508	

-406.872636	
-408.033739	

-210.899365	
-211.590849	

-112.273350	
-112.883909	

-116.339258	
-117.176822	

-507.848754	
-508.996370	

-108.754926	
-109.416152	

-108.570035	
-109.349807	

-109.169989	
-208.493912	

-114.082241	
-408.042638	

-110.406461	
-210.570207	

-110.688747	
-111.004600	

-111.449751	
-112.050530	

-313.874009	
-508.791820	

-110.770223	
-311.112550	

-112.225683	
-311.144017	

-111.814858	
-112.392458	

-216.095349	
-411.539568	

-110.255564	
-110.845666	

-113.211396	
-113.223126	

-113.707554	
-312.620038	

-116.195106	
-116.599195	

-114.860718	
-116.467605	

-109.005911	
-110.098089	

-107.499389	
-107.939493	

-9.907142	
-10.159532	

-8.788488	
-9.638549	

-109.570402	
-109.832132	

-9.132606	
-9.848822	

-14.403944	
-112.180229	

-10.332197	
-11.029373	

-9.263022	
-9.449046	

-11.020232	
-11.099247	

-14.689793	
-113.535124	

-12.354551	
-110.153058	

-9.184856	
-11.137976	

-9.834730	
-12.885973	

-112.276135	
-312.613297	

-213.996034	
-215.709129	

-11.060414	
-13.238947	

-112.382109	
-113.449253	

-113.988075	
-213.554284	

-13.100766	
-13.488732	

-16.747607	
-115.550718	

-13.004897	
-13.350108	

-13.733524	
-13.763479	

-313.234781	
-313.458379	

-13.669822	
-112.436224	

-114.653006	
-117.742712	

-114.653006	
-117.742712	

-13.266554	
-13.817167	

-15.436564	
-16.310009	

-14.028118	
-14.675785	

-16.790047	
-116.401023	

-210.781641	
-211.689501	

-8.449965	
-8.760476	

-11.812118	
-12.038047	

-109.623501	
-109.784641	

-16.651745	
-114.743433	

-12.657942	
-12.813044	

-110.296486	
-112.587783	

-111.670834	
-112.560525	

-10.966761	
-13.336745	

-12.708683	
-12.954989	

-113.024227	
-114.157722	

-12.108700	
-14.486962	

-114.799874	
-115.847268	

-17.506461	
-115.119018	

-12.945775	
-113.679211	

-111.394956	
-113.672214	

-113.639566	
-414.727641	

-16.222258	
-16.458096	

-114.289337	
-211.120983	

-312.022063	
-312.276522	

-112.936205	
-113.669311	

-113.694362	
-314.834823	

-111.823538	
-112.712386	

-22.518388	
-123.277547	

-17.731742	
-116.305208	

-18.874578	
-117.070634	

-11.875502	
-11.884375	

-114.881163	
-121.356999	

-12.872313	
-112.264181	

-115.816639	
-214.494166	

-107.499389	
-107.939493	

-108.587289	
-108.871235	

-109.679611	
-110.028714	

-108.511749	
-109.045405	

-109.376726	
-109.732636	

-110.111547	
-208.277391	

-109.091061	
-109.203214	

-108.764222	
-110.886524	

-111.377318	
-111.455049	

-108.164328	
-108.358678	

-109.099462	
-208.616177	

-109.865579	
-209.096947	

-109.297983	
-110.296887	

-110.494509	
-110.740382	

-109.094900	
-209.810358	

-107.706022	
-110.570478	

-108.940319	
-109.753995	

-112.493428	
-112.699117	

-112.610624	
-113.375478	

-111.376032	
-111.635751	

-113.878787	
-214.613259	

-109.093557	
-109.435575	

-109.226679	
-110.364047	

-109.264740	
-110.322026	

-109.264740	
-110.322026	

-110.098904	
-210.097902	

-108.536739	
-109.128863	

-10.695024	
-11.599491	

-111.049131	
-111.202517	

-8.701930	
-10.714852	

-9.021208	
-11.275149	

-10.300740	
-11.932728	

-8.695549	
-108.903122	

-110.389662	
-111.089577	

-209.216807	
-209.542412	

-107.079339	
-109.409729	

-205.587072	
-206.479122	

-205.778817	
-206.615864	

-108.359190	
-108.831466	

-108.720117	
-109.295973	

-109.595109	
-109.827144	

-11.756157	
-12.691007	

-111.502528	
-111.658790	

-12.148491	
-112.545009	

-10.054226	
-11.181323	

-109.797509	
-110.320006	

-112.406477	
-113.324774	

-109.261050	
-208.003949	

-9.255921	
-10.303830	

-13.404721	
-13.975784	

-11.778950	
-14.304383	

-10.368512	
-11.499485	

-14.391470	
-111.960945	

-13.364776	
-112.907783	

-12.807803	
-13.124512	

-110.722572	
-111.494105	

-108.394418	
-109.638765	

-109.769324	
-110.338177	

-109.158700	
-109.927716	

-108.489524	
-108.618808	

-108.759229	
-108.873786	

-108.780578	
-109.253728	

-108.901929	
-109.486247	

-110.066178	
-110.646461	

-109.771015	
-110.612559	

-107.921839	
-108.307446	

-108.276824	
-108.981539	

-109.098231	
-110.023946	

-111.137445	
-407.571091	

-211.700701	
-310.000340	

-108.688371	
-110.168112	

-108.734614	
-108.965541	

-109.217957	
-209.816408	

-110.531426	
-110.546937	

-110.771985	
-111.960952	

-307.830713	
-309.750351	

-113.091921	
-211.372401	

-110.572921	
-110.859937	

-110.801759	
-111.103775	

-111.459433	
-210.689618	

-113.473431	
-113.495744	

-112.250685	
-112.943513	

-112.241058	
-113.056183	

-114.194356	
-114.810777	

-113.510147	
-113.583718	

-109.238082	
-311.019211	

-111.021633	
-112.803334	

-110.702743	
-311.146510	

-114.439645	
-212.285810	

-110.737465	
-111.553770	

-111.143454	
-112.798377	

-210.878426	
-210.920277	

-114.473619	
-212.185002	

-112.247444	
-112.268904	

-112.560974	
-112.806795	

-113.878851	
-114.047368	

-114.784224	
-215.110539	

-112.197616	
-112.877331	

-112.413505	
-113.220844	

-113.574547	
-113.995323	

-215.998991	
-217.116053	

-108.734187	
-110.717419	

-108.734187	
-110.717419	

-110.072944	
-111.239986	

-109.418262	
-210.384810	

-114.061587	
-212.269686	

-210.646682	
-210.800955	

-110.483852	
-110.504122	

-113.924526	
-211.261003	

-112.188317	
-112.560055	

-109.631413	
-109.974656	

-110.696899	
-111.231377	

-110.354904	
-110.729951	

-111.922615	
-113.445957	

-12.657942	
-12.813044	

-10.149663	
-11.828874	

-9.126402	
-12.231175	

-12.326002	
-13.090986	

-13.341024	
-14.260182	

-9.692399	
-11.779482	

-11.905798	
-13.611848	

-12.482929	
-14.303132	

-12.822688	
-13.607427	

-9.489946	
-11.215062	

-12.678166	
-110.274842	

-9.838374	
-11.695766	

-13.153390	
-13.379491	

-10.913150	
-11.888338	

-7.954924	
-13.231761	

-9.349148	
-9.841435	

-9.283357	
-9.292838	

-110.722572	
-111.494105	

-11.884061	
-12.146269	

-12.136340	
-111.360977	

-12.220833	
-213.923233	

-113.366147	
-211.098747	

-11.229380	
-213.450313	

-13.347203	
-111.914782	

-16.872305	
-16.999872	

-111.010825	
-210.987903	

-111.420364	
-212.094865	

-111.080465	
-111.777430	

-211.520415	
-211.730842	

-11.567108	
-11.733138	

-10.178455	
-11.073382	

-11.791672	
-12.545655	

-15.875842	
-114.724335	

-10.731301	
-11.245557	

-11.746616	
-11.949588	

-11.251944	
-11.353638	

-114.959021	
-116.464010	

-114.386700	
-211.941409	

-113.036780	
-113.367828	

-13.767205	
-112.178646	

-13.644277	
-112.770093	

-14.564417	
-14.784880	

-16.180217	
-116.389091	

-117.485510	
-117.892925	

-117.485510	
-117.892925	

-115.661244	
-116.256275	

-111.376067	
-111.912731	

-14.045390	
-14.553337	

-110.221824	
-110.695898	

-214.194089	
-413.252211	

-10.321193	
-13.005938	

-14.165190	
-19.683555	

-12.485706	
-13.922486	

-12.922347	
-14.897246	

-17.163634	
-114.216683	

-15.139097	
-114.515349	

-17.807799	
-114.787482	

-17.835134	
-215.581132	

-112.850568	
-113.550709	

-13.899224	
-15.148853	

-113.644307	
-114.055402	

-16.379313	
-16.786467	

-212.245087	
-213.580210	

-312.509081	
-412.022917	

-108.940319	
-109.753995	

-109.791042	
-110.049047	

-108.537164	
-109.465584	

-110.185403	
-110.839061	

-113.781590	
-114.838717	

-108.561405	
-109.533208	

-109.473494	
-109.691798	

-109.365286	
-110.084333	

-110.115842	
-110.887458	

-109.002363	
-109.388335	

-110.087783	
-110.490591	

-109.393046	
-110.023094	

-110.159186	
-110.861540	

-210.100723	
-211.018755	

-106.944530	
-109.159469	

-107.919119	
-108.001699	

-108.269164	
-108.442451	

-9.283357	
-9.292838	

-8.775575	
-11.907836	

-10.528942	
-11.751305	

-109.777148	
-110.650617	

-9.495585	
-10.180466	

-11.029458	
-11.135515	

-9.465055	
-9.595338	

-9.353782	
-10.595971	

-9.519838	
-9.528621	

-9.094581	
-10.652106	

-10.438995	
-11.933474	

-10.127097	
-11.913192	

-13.314029	
-13.844965	

-11.956271	
-112.554906	

-7.912741	
-8.737364	

-9.176688	
-112.149346	

-8.563408	
-9.382919	

-12.886571	
-12.986144	

-9.441473	
-9.746563	

-8.820759	
-8.849981	

-9.940282	
-10.733673	

-108.269164	
-108.442451	

-108.713729	
-109.181376	

-109.013174	
-109.600929	

-110.117276	
-110.730529	

-108.544961	
-108.771730	

-110.670165	
-111.000252	

-108.663766	
-108.797976	

-107.726765	
-108.544859	

-108.125306	
-108.592146	

-109.609343	
-307.473326	

-109.627696	
-307.293176	

-110.451030	
-111.057559	

-109.034849	
-110.034896	

-107.533394	
-109.260528	

-107.596524	
-108.142849	

-109.046942	
-109.056995	

-108.399757	
-109.583036	

-109.670470	
-209.271685	

-108.994110	
-109.577283	

-108.565558	
-109.610794	

-109.625893	
-110.132409	

-9.940282	
-10.733673	

-11.666503	
-208.815999	

-8.395323	
-9.205126	

-8.551562	
-11.952873	

-8.833254	
-9.766187	

-210.228752	
-211.330887	

-10.282694	
-10.286313	

-12.906189	
-13.617398	

-210.003779	
-210.066080	

-211.149440	
-213.017308	

-12.951320	
-209.851037	

-11.863053	
-12.601196	

-11.926086	
-12.423191	

-14.515058	
-14.776696	

-11.966780	
-113.866856	

-111.708220	
-113.576932	

-12.782299	
-13.686244	

-112.477593	
-113.938668	

-312.509081	
-412.022917	

-113.167129	
-214.496303	

-314.667412	
-316.494544	

-10.460581	
-11.976863	

-9.994997	
-12.456760	

-10.008366	
-11.971962	

-13.302671	
-13.456505	

-14.706171	
-115.050608	

-20.523030	
-119.792551	

-116.009554	
-117.687063	

-117.374293	
-119.048797	

-12.535291	
-14.161179	

-114.674342	
-120.612459	

-111.916391	
-112.824890	

-15.967027	
-114.734885	

-109.625893	
-110.132409	

-110.041757	
-110.376862	

-108.444037	
-108.696839	

-109.081283	
-209.670659	

-108.791559	
-109.098327	

-207.762718	
-208.185846	

-110.284542	
-110.470759	

-108.861817	
-109.657889	

-307.359910	
-310.275962	

-108.859307	
-109.647613	

-110.343767	
-110.359355	

-109.026086	
-109.080766	

-108.932946	
-110.590749	

-110.364024	
-110.414309	

-109.090905	
-109.517112	

-109.722071	
-109.792656	

-109.250025	
-109.793865	

-210.203496	
-211.022700	

-209.056901	
-209.292951	

-210.099337	
-210.702543	

-109.165416	
-109.666775	

-110.053557	
-110.731923	

-3.616428	
-4.136902	

-4.635374	
-5.068586	

-8.327858	
-9.282504	

-6.100141	
-7.647804	

-6.176643	
-8.804352	

-7.061368	
-9.463551	

-6.858710	
-7.772706	

-105.762813	
-106.422469	

-4.649736	
-5.634087	

-6.591370	
-7.492697	

-107.641606	
-108.585366	

-106.384735	
-106.600037	

-105.812876	
-105.865967	

-104.795857	
-106.400062	

-106.466776	
-107.015152	

-105.871808	
-105.974301	

-205.851004	
-205.980421	

-104.763695	
-104.794364	

-106.410114	
-107.299670	

-106.327825	
-107.462825	

-3.616428	
-4.136902	

-3.567031	
-4.903742	

-3.452754	
-4.604476	

-101.843895	
-103.461322	

-4.635374	
-5.068586	

-4.550868	
-6.048859	

-4.779582	
-5.988505	

-2.650445	
-3.563777	

